SIZES
  nstack                1835008
  nbuffer               37344
  pstack                324
  maxuse_stack          1428
  maxuse_con            12
  maxuse_efc            60
  solver_iter           1
  solver_nnz            324
  nbodypair_broad       8
  nbodypair_narrow      6
  ngeompair_mid         10
  ngeompair_narrow      6
  ne                    0
  nf                    12
  nefc                  40
  ncon                  6

TIMER
    0:  duration =  0.65       number = 11
    1:  duration =  0.63       number = 11
    2:  duration =  0          number = 0
    3:  duration =  0.38       number = 11
    4:  duration =  0.026      number = 11
    5:  duration =  0.0094     number = 11
    6:  duration =  0.0079     number = 11
    7:  duration =  0.17       number = 11
    8:  duration =  0.058      number = 11
    9:  duration =  0.019      number = 11
    10:  duration =  0.23       number = 11
    11:  duration =  0.066      number = 11
    12:  duration =  0.00056    number = 11

SOLVER STAT
  solver_iter = 1
  solver_nnz = 324
    0:  improvement =  0         gradient =  2.3e-14   lineslope =  7.6e-15 
        nactive = 40   nchange = 0   neval = 2   nupdate = 12
solver_fwdinv =   0         0       

ENERGY =   0         0       

TIME =  21      

QPOS
  -0.32    
  -0.0011  
   0.18    
   1       
  -0.0024  
  -0.081   
   0.0014  
  -0.0087  
  -0.2     
  -2.8     
   0.026   
  -0.2     
  -2.8     
  -0.0079  
  -0.69    
  -0.9     
   0.025   
  -0.69    
  -0.89    

QVEL
  -7.3e-05 
  -4.1e-05 
  -8.8e-05 
  -0.00043 
  -0.00012 
  -3.9e-05 
   0.00051 
  -0.00057 
  -1.7e-07 
   0.00086 
  -0.00056 
  -7.9e-07 
  -0.00047 
   6.3e-06 
  -0.0019  
   0.0017  
  -1.6e-05 
  -0.0016  

QACC_WARMSTART
  -4.5e-07 
  -3.1e-06 
  -3.6e-07 
  -1.5e-05 
  -8.4e-07 
   1.9e-06 
   2.7e-05 
  -7.3e-07 
   1.7e-08 
   2.4e-05 
  -2.4e-06 
   2.8e-07 
   3e-05   
  -9.5e-06 
   3.2e-05 
   4.3e-05 
   3.1e-05 
  -0.00031 

CTRL
   0       
   0       
   0       
   0       
   0       
   0       
   0       
   0       
   0       
   0       
   0       
   0       
   0       
   0       
   0       
   0       
   0       
   0       
   0       
   0       
   0       
   0       
   0       
   0       
   0       
   0       
   0       
   0       
   0       
   0       
   0       
   0       
   0       
   0       
   0       
   0       

QFRC_APPLIED
   0       
   0       
   0       
   0       
   0       
   0       
   0       
   0       
   0       
   0       
   0       
   0       
   0       
   0       
   0       
   0       
   0       
   0       

XFRC_APPLIED
   0         0         0         0         0         0       
   0         0         0         0         0         0       
   0         0         0         0         0         0       
   0         0         0         0         0         0       
   0         0         0         0         0         0       
   0         0         0         0         0         0       
   0         0         0         0         0         0       
   0         0         0         0         0         0       
   0         0         0         0         0         0       
   0         0         0         0         0         0       
   0         0         0         0         0         0       
   0         0         0         0         0         0       
   0         0         0         0         0         0       
   0         0         0         0         0         0       

QACC
  -4.5e-07 
  -3.1e-06 
  -3.6e-07 
  -1.5e-05 
  -8.4e-07 
   1.9e-06 
   2.7e-05 
  -7.3e-07 
   1.7e-08 
   2.4e-05 
  -2.4e-06 
   2.8e-07 
   3e-05   
  -9.5e-06 
   3.2e-05 
   4.3e-05 
   3.1e-05 
  -0.00031 

SENSOR
  -0.0087  
  -0.2     
  -2.8     
   0.026   
  -0.2     
  -2.8     
  -0.0079  
  -0.69    
  -0.9     
   0.025   
  -0.69    
  -0.89    
   0.00051 
  -0.00057 
  -1.7e-07 
   0.00086 
  -0.00056 
  -7.9e-07 
  -0.00047 
   6.3e-06 
  -0.0019  
   0.0017  
  -1.6e-05 
  -0.0016  
   1.6     
  -0.048   
   9.7     
  -0.00043 
  -0.00012 
  -3.9e-05 
  -0.32    
  -0.0011  
   0.18    
   1       
  -0.0024  
  -0.081   
   0.0014  
   0.26    
  -0.13    
   0.0033  
   0.061   
  -0.00026 
  -1       
   0.0043  
   0.26    
   0.13    
   0.0045  
   0.062   
   0.0008  
  -1       
  -0.013   
   0.16    
  -0.13    
  -0.16    
   0.7     
  -0.0027  
  -0.71    
   0.0028  
   0.16    
   0.13    
  -0.16    
   0.7     
   0.0089  
  -0.71    
  -0.009   
  -0.39    
  -0.13    
  -9.8     
  -8e-05   
  -0.00069 
   3e-05   
  -0.36    
   0.2     
  -9.8     
  -0.00042 
  -0.00068 
  -1.8e-05 
   9.6     
  -0.12    
  -1.8     
  -2e-05   
  -0.002   
   0.00091 
   9.7     
   0.2     
  -1.7     
  -5.2e-05 
  -0.0017  
  -0.0013  
  -3.8     
  -2.1     
   7.9     
  -4.7     
   2.9     
   11      
  -47      
  -18      
   12      
  -45      
   17      
   10      
  -8.7e-05 
  -4.1e-05 
  -7.6e-05 

XPOS
   0         0         0       
  -0.32     -0.0011    0.18    
  -0.13     -0.047     0.21    
  -0.13     -0.13      0.21    
  -0.055    -0.13      0.01    
  -0.13      0.046     0.21    
  -0.13      0.13      0.21    
  -0.057     0.13      0.01    
  -0.5      -0.048     0.15    
  -0.5      -0.13      0.15    
  -0.34     -0.13      0.0088  
  -0.5       0.045     0.15    
  -0.5       0.13      0.15    
  -0.34      0.13      0.0089  

XQUAT
   1         0         0         0       
   1        -0.0024   -0.081     0.0014  
   1        -0.0067   -0.081     0.0011  
   0.98     -0.0065   -0.18      0.0017  
  -0.02      0.00065  -1         0.0067  
   1         0.01     -0.081     0.0024  
   0.98      0.011    -0.18      0.0014  
  -0.018     0.0031   -1        -0.01    
   1        -0.0063   -0.081     0.0011  
   0.91     -0.0055   -0.41      0.0031  
   0.64     -0.0036   -0.77      0.0052  
   1         0.01     -0.081     0.0024  
   0.91      0.011    -0.41     -0.0012  
   0.64      0.009    -0.77     -0.0056  

XMAT
   1         0         0         0         1         0         0         0         1       
   0.99     -0.0024   -0.16      0.0032    1         0.0045    0.16     -0.0049    0.99    
   0.99     -0.001    -0.16      0.0032    1         0.013     0.16     -0.013     0.99    
   0.94     -0.001    -0.35      0.0057    1         0.012     0.35     -0.013     0.94    
  -1        -0.001     0.04     -0.0016    1        -0.013    -0.04     -0.013    -1       
   0.99     -0.0065   -0.16      0.0032    1        -0.021     0.16      0.02      0.99    
   0.94     -0.0065   -0.35     -0.001     1        -0.021     0.35      0.02      0.94    
  -1        -0.0065    0.037    -0.0058    1         0.021    -0.037     0.02     -1       
   0.99     -0.0012   -0.16      0.0032    1         0.012     0.16     -0.013     0.99    
   0.66     -0.0012   -0.75      0.01      1         0.0075    0.75     -0.013     0.66    
  -0.18     -0.0012   -0.98      0.012     1        -0.0035    0.98     -0.013    -0.18    
   0.99     -0.0065   -0.16      0.0032    1        -0.021     0.16      0.02      0.99    
   0.66     -0.0065   -0.75     -0.011     1        -0.018     0.75      0.02      0.66    
  -0.17     -0.0065   -0.98     -0.021     1        -0.0029    0.98      0.02     -0.17    

XIPOS
   0         0         0       
  -0.29      0.001     0.18    
  -0.14     -0.04      0.21    
  -0.12     -0.11      0.18    
  -0.065    -0.13      0.16    
  -0.14      0.039     0.21    
  -0.12      0.11      0.18    
  -0.066     0.13      0.16    
  -0.5      -0.041     0.15    
  -0.48     -0.11      0.13    
  -0.2      -0.13      0.04    
  -0.5       0.037     0.15    
  -0.48      0.11      0.13    
  -0.2       0.13      0.039   

XIMAT
   1         0         0         0         1         0         0         0         1       
  -0.17      0.0081    0.99     -0.00025  -1         0.0082    0.99      0.0011    0.17    
   0.043    -0.14      0.99      1         0.018    -0.041    -0.012     0.99      0.14    
  -0.088    -0.95     -0.29      0.98     -0.14      0.16     -0.2      -0.27      0.94    
   0.043     1         0.027     1        -0.043    -0.011    -0.0098    0.028    -1       
  -0.05     -0.14      0.99      1        -0.026     0.047     0.019     0.99      0.14    
   0.081    -0.95     -0.29      0.98      0.14     -0.17      0.2      -0.27      0.94    
   0.038     1         0.025     1        -0.038     0.023     0.024     0.024    -1       
  -0.043    -0.18      0.98      1         0.017     0.047    -0.025     0.98      0.18    
   0.009    -0.71     -0.7       0.98     -0.15      0.16     -0.22     -0.69      0.69    
   0.0088    0.17     -0.99      1        -0.057    -0.00086  -0.056    -0.98     -0.17    
   0.036    -0.18      0.98      1        -0.026    -0.041     0.033     0.98      0.18    
  -0.016    -0.71     -0.7       0.97      0.15     -0.17      0.22     -0.69      0.69    
   0.0031    0.16     -0.99      1        -0.023    -0.00073  -0.023    -0.99     -0.16    

XANCHOR
  -0.32     -0.0011    0.18    
  -0.13     -0.047     0.21    
  -0.13     -0.13      0.21    
  -0.055    -0.13      0.01    
  -0.13      0.046     0.21    
  -0.13      0.13      0.21    
  -0.057     0.13      0.01    
  -0.5      -0.048     0.15    
  -0.5      -0.13      0.15    
  -0.34     -0.13      0.0088  
  -0.5       0.045     0.15    
  -0.5       0.13      0.15    
  -0.34      0.13      0.0089  

XAXIS
   0         0         1       
   0.99      0.0032    0.16    
  -0.001     1        -0.013   
  -0.001     1        -0.013   
   0.99      0.0032    0.16    
  -0.0065    1         0.02    
  -0.0065    1         0.02    
   0.99      0.0032    0.16    
  -0.0012    1        -0.013   
  -0.0012    1        -0.013   
   0.99      0.0032    0.16    
  -0.0065    1         0.02    
  -0.0065    1         0.02    

GEOM_XPOS
   0         0         0       
  -0.25     -0.00084   0.19    
  -0.32     -0.0011    0.18    
  -0.32     -0.041     0.18    
  -0.32      0.039     0.18    
  -0.07     -0.00025   0.22    
  -0.068     0.06      0.21    
  -0.068    -0.06      0.21    
  -0.062    -0.00048   0.17    
  -0.071    -8e-05     0.25    
  -0.14     -0.049     0.21    
  -0.13     -0.092     0.21    
  -0.13     -0.11      0.21    
  -0.12     -0.11      0.16    
  -0.12     -0.13      0.13    
  -0.12     -0.13      0.16    
  -0.076    -0.13      0.038   
  -0.067    -0.13      0.13    
  -0.068    -0.13      0.075   
  -0.072    -0.13      0.17    
  -0.064    -0.13      0.22    
  -0.14      0.044     0.21    
  -0.13      0.091     0.21    
  -0.13      0.11      0.21    
  -0.12      0.1       0.17    
  -0.12      0.13      0.13    
  -0.12      0.13      0.16    
  -0.078     0.13      0.038   
  -0.068     0.13      0.13    
  -0.069     0.13      0.075   
  -0.073     0.13      0.17    
  -0.064     0.13      0.22    
  -0.49     -0.047     0.15    
  -0.5      -0.093     0.15    
  -0.5      -0.11      0.15    
  -0.5      -0.048     0.15    
  -0.47     -0.11      0.11    
  -0.45     -0.13      0.081   
  -0.47     -0.13      0.11    
  -0.37     -0.13      0.023   
  -0.22     -0.13      0.038   
  -0.28     -0.13      0.03    
  -0.18     -0.13      0.049   
  -0.13     -0.13      0.048   
  -0.49      0.043     0.15    
  -0.5       0.09      0.15    
  -0.5       0.11      0.15    
  -0.5       0.045     0.15    
  -0.47      0.1       0.12    
  -0.46      0.13      0.081   
  -0.47      0.13      0.11    
  -0.37      0.13      0.023   
  -0.22      0.13      0.037   
  -0.28      0.13      0.03    
  -0.18      0.13      0.047   
  -0.13      0.13      0.046   

GEOM_XMAT
   1         0         0         0         1         0         0         0         1       
  -0.18      0.0024    0.98      0.0044   -1         0.0033    0.98      0.0049    0.18    
   0.99     -0.0024   -0.16      0.0032    1         0.0045    0.16     -0.0049    0.99    
   0.16     -0.0024    0.99     -0.0045    1         0.0032   -0.99     -0.0049    0.16    
   0.16     -0.0024    0.99     -0.0045    1         0.0032   -0.99     -0.0049    0.16    
   0.99     -0.0024   -0.16      0.0032    1         0.0045    0.16     -0.0049    0.99    
   0.99     -0.0024   -0.16      0.0032    1         0.0045    0.16     -0.0049    0.99    
   0.99     -0.0024   -0.16      0.0032    1         0.0045    0.16     -0.0049    0.99    
   0.99     -0.16      0.0024    0.0032    0.0045   -1         0.16      0.99      0.0049  
   0.99     -0.16      0.0024    0.0032    0.0045   -1         0.16      0.99      0.0049  
  -0.0095   -0.99     -0.16      1        -0.012     0.013    -0.015    -0.16      0.99    
   0.99     -0.16      0.001     0.0032    0.013    -1         0.16      0.99      0.013   
   0.99     -0.16      0.001     0.0032    0.013    -1         0.16      0.99      0.013   
  -0.27     -0.92     -0.29      0.92     -0.33      0.2      -0.28     -0.22      0.93    
   0.94     -0.001    -0.35      0.0057    1         0.012     0.35     -0.013     0.94    
   0.99     -0.001    -0.16      0.0032    1         0.013     0.16     -0.013     0.99    
   0.68     -0.001    -0.73      0.011     1         0.0084    0.73     -0.013     0.68    
  -0.001     1         0.052     1         0.0017   -0.013    -0.013     0.052    -1       
  -0.98     -0.001     0.19     -0.0036    1        -0.013    -0.19     -0.013    -0.98    
  -0.97     -0.001    -0.24      0.0022    1        -0.013     0.24     -0.013    -0.97    
  -1        -0.001     0.04     -0.0016    1        -0.013    -0.04     -0.013    -1       
  -0.015    -0.99     -0.16      1        -0.012    -0.021     0.019    -0.16      0.99    
   0.99     -0.16      0.0065    0.0032   -0.021    -1         0.16      0.99     -0.02    
   0.99     -0.16      0.0065    0.0032   -0.021    -1         0.16      0.99     -0.02    
   0.23     -0.93     -0.3       0.94      0.29     -0.2       0.27     -0.23      0.93    
   0.94     -0.0065   -0.35     -0.001     1        -0.021     0.35      0.02      0.94    
   0.99     -0.0065   -0.16      0.0032    1        -0.021     0.16      0.02      0.99    
   0.68     -0.0065   -0.73     -0.01      1        -0.019     0.73      0.02      0.68    
  -0.0065    1         0.049     1         0.0055    0.021     0.02      0.049    -1       
  -0.98     -0.0065    0.19     -0.0026    1         0.021    -0.19      0.02     -0.98    
  -0.97     -0.0065   -0.24     -0.011     1         0.018     0.24      0.02     -0.97    
  -1        -0.0065    0.037    -0.0058    1         0.021    -0.037     0.02     -1       
   0.0096    0.99     -0.16     -1         0.012     0.012     0.014     0.16      0.99    
   0.99     -0.16      0.0012    0.0032    0.012    -1         0.16      0.99      0.013   
   0.99     -0.16      0.0012    0.0032    0.012    -1         0.16      0.99      0.013   
   0.99     -0.16      0.0012    0.0032    0.012    -1         0.16      0.99      0.013   
  -0.11     -0.71     -0.7       0.92     -0.34      0.2      -0.37     -0.62      0.69    
   0.66     -0.0012   -0.75      0.01      1         0.0075    0.75     -0.013     0.66    
   0.79     -0.0012   -0.61      0.0086    1         0.0093    0.61     -0.013     0.79    
   0.25     -0.0012   -0.97      0.013     1         0.0021    0.97     -0.013     0.25    
  -0.0012    0.19     -0.98      1        -0.012    -0.0036   -0.013    -0.98     -0.19    
  -0.33     -0.0012   -0.94      0.012     1        -0.0053    0.94     -0.013    -0.33    
   0.095    -0.0012   -1         0.013     1         4.1e-05   1        -0.013     0.095   
  -0.18     -0.0012   -0.98      0.012     1        -0.0035    0.98     -0.013    -0.18    
   0.0019    0.99      0.16      1        -0.0054    0.021     0.022     0.16     -0.99    
   0.99     -0.16      0.0065    0.0032   -0.021    -1         0.16      0.99     -0.02    
   0.99     -0.16      0.0065    0.0032   -0.021    -1         0.16      0.99     -0.02    
   0.99     -0.16      0.0065    0.0032   -0.021    -1         0.16      0.99     -0.02    
   0.082    -0.7      -0.71      0.93      0.3      -0.19      0.35     -0.64      0.68    
   0.66     -0.0065   -0.75     -0.011     1        -0.018     0.75      0.02      0.66    
   0.79     -0.0065   -0.61     -0.0071    1        -0.02      0.61      0.02      0.79    
   0.25     -0.0065   -0.97     -0.018     1        -0.011     0.97      0.02      0.25    
  -0.0065    0.19     -0.98      1         0.021    -0.0027    0.02     -0.98     -0.19    
  -0.32     -0.0065   -0.95     -0.021     1         0.0003    0.95      0.02     -0.32    
   0.1      -0.0065   -0.99     -0.019     1        -0.0086    0.99      0.02      0.1     
  -0.17     -0.0065   -0.98     -0.021     1        -0.0029    0.98      0.02     -0.17    

SITE_XPOS
  -0.32     -0.0011    0.18    
  -0.064    -0.13      0.22    
  -0.064     0.13      0.22    
  -0.13     -0.13      0.048   
  -0.13      0.13      0.046   

SITE_XMAT
   0.99     -0.0024   -0.16      0.0032    1         0.0045    0.16     -0.0049    0.99    
  -1        -0.001     0.04     -0.0016    1        -0.013    -0.04     -0.013    -1       
  -1        -0.0065    0.037    -0.0058    1         0.021    -0.037     0.02     -1       
  -0.18     -0.0012   -0.98      0.012     1        -0.0035    0.98     -0.013    -0.18    
  -0.17     -0.0065   -0.98     -0.021     1        -0.0029    0.98      0.02     -0.17    

CAM_XPOS
  -0.3      -1         1       

CAM_XMAT
   1         0         0         0         0.71     -0.71      0         0.71      0.71    

LIGHT_XPOS
   0        -1         2       
   0         0         1.5     

LIGHT_XDIR
  -0.14      0.47     -0.87    
   0         0        -1       

SUBTREE_COM
  -0.29     -3.9e-05   0.17    
  -0.29     -3.9e-05   0.17    
  -0.12     -0.085     0.19    
  -0.11     -0.11      0.18    
  -0.065    -0.13      0.16    
  -0.12      0.085     0.19    
  -0.11      0.11      0.18    
  -0.066     0.13      0.16    
  -0.46     -0.087     0.13    
  -0.44     -0.11      0.11    
  -0.2      -0.13      0.04    
  -0.46      0.084     0.13    
  -0.44      0.11      0.11    
  -0.2       0.13      0.039   

CDOF
   0         0         0         1         0         0       
   0         0         0         0         1         0       
   0         0         0         0         0         1       
   0.99      0.0032    0.16     -0.0002    0.015     0.00092 
  -0.0024    1        -0.0049   -0.012    -0.00015  -0.025   
  -0.16      0.0045    0.99     -0.0011    0.023    -0.00027 
   0.99      0.0032    0.16     -0.0077    0.016     0.047   
  -0.001     1        -0.013    -0.042     0.0021    0.16    
  -0.001     1        -0.013     0.16      0.0033    0.24    
   0.99      0.0032    0.16      0.0073    0.015    -0.045   
  -0.0065    1         0.02     -0.041    -0.0035    0.16    
  -0.0065    1         0.02      0.16     -0.0037    0.24    
   0.99      0.0032    0.16     -0.0077    0.016     0.047   
  -0.0012    1        -0.013     0.019    -0.0026   -0.21    
  -0.0012    1        -0.013     0.16     -0.00045  -0.05    
   0.99      0.0032    0.16      0.0073    0.015    -0.045   
  -0.0065    1         0.02      0.02      0.0044   -0.21    
  -0.0065    1         0.02      0.16      0.002    -0.05    

CINERT
   0         0         0         0         0         0         0         0         0         0       
   0.019     0.064     0.07     -0.00036  -0.0088   -0.00015  -0.014     0.0055    0.077     5.2     
   0.0026    0.018     0.018     0.0042   -0.0044    0.0011    0.11     -0.027     0.028     0.68    
   0.016     0.034     0.042     0.019    -0.0012    0.00082   0.17     -0.11      0.014     1       
   0.0047    0.012     0.013     0.0056    0.00049  -0.00027   0.044    -0.025    -0.002     0.2     
   0.0025    0.018     0.018    -0.0041   -0.0043   -0.0011    0.11      0.026     0.028     0.68    
   0.016     0.033     0.041    -0.018    -0.0012   -0.00077   0.17      0.11      0.013     1       
   0.0048    0.011     0.013    -0.0057    0.00048   0.00029   0.044     0.025    -0.002     0.2     
   0.0017    0.03      0.03     -0.0057   -0.0025   -0.0005   -0.14     -0.028    -0.012     0.68    
   0.016     0.042     0.051    -0.02     -0.0058   -0.0049   -0.19     -0.11     -0.04      1       
   0.0065    0.0063    0.0064    0.0023    0.0021   -0.0032    0.018    -0.025    -0.025     0.2     
   0.0016    0.03      0.03      0.0053   -0.0026    0.00048  -0.14      0.026    -0.012     0.68    
   0.016     0.043     0.051     0.02     -0.0058    0.0048   -0.19      0.11     -0.04      1       
   0.0066    0.0064    0.0064   -0.0024    0.0021    0.0033    0.018     0.026    -0.025     0.2     

ACTUATOR_LENGTH
  -0.0087  
  -0.2     
  -2.8     
   0.026   
  -0.2     
  -2.8     
  -0.0079  
  -0.69    
  -0.9     
   0.025   
  -0.69    
  -0.89    
  -0.0087  
  -0.0087  
  -0.2     
  -0.2     
  -2.8     
  -2.8     
   0.026   
   0.026   
  -0.2     
  -0.2     
  -2.8     
  -2.8     
  -0.0079  
  -0.0079  
  -0.69    
  -0.69    
  -0.9     
  -0.9     
   0.025   
   0.025   
  -0.69    
  -0.69    
  -0.89    
  -0.89    

ACTUATOR_MOMENT
   0         0         0         0         0         0         1         0         0         0         0         0         0         0         0         0         0         0       
   0         0         0         0         0         0         0         1         0         0         0         0         0         0         0         0         0         0       
   0         0         0         0         0         0         0         0         1         0         0         0         0         0         0         0         0         0       
   0         0         0         0         0         0         0         0         0         1         0         0         0         0         0         0         0         0       
   0         0         0         0         0         0         0         0         0         0         1         0         0         0         0         0         0         0       
   0         0         0         0         0         0         0         0         0         0         0         1         0         0         0         0         0         0       
   0         0         0         0         0         0         0         0         0         0         0         0         1         0         0         0         0         0       
   0         0         0         0         0         0         0         0         0         0         0         0         0         1         0         0         0         0       
   0         0         0         0         0         0         0         0         0         0         0         0         0         0         1         0         0         0       
   0         0         0         0         0         0         0         0         0         0         0         0         0         0         0         1         0         0       
   0         0         0         0         0         0         0         0         0         0         0         0         0         0         0         0         1         0       
   0         0         0         0         0         0         0         0         0         0         0         0         0         0         0         0         0         1       
   0         0         0         0         0         0         1         0         0         0         0         0         0         0         0         0         0         0       
   0         0         0         0         0         0         1         0         0         0         0         0         0         0         0         0         0         0       
   0         0         0         0         0         0         0         1         0         0         0         0         0         0         0         0         0         0       
   0         0         0         0         0         0         0         1         0         0         0         0         0         0         0         0         0         0       
   0         0         0         0         0         0         0         0         1         0         0         0         0         0         0         0         0         0       
   0         0         0         0         0         0         0         0         1         0         0         0         0         0         0         0         0         0       
   0         0         0         0         0         0         0         0         0         1         0         0         0         0         0         0         0         0       
   0         0         0         0         0         0         0         0         0         1         0         0         0         0         0         0         0         0       
   0         0         0         0         0         0         0         0         0         0         1         0         0         0         0         0         0         0       
   0         0         0         0         0         0         0         0         0         0         1         0         0         0         0         0         0         0       
   0         0         0         0         0         0         0         0         0         0         0         1         0         0         0         0         0         0       
   0         0         0         0         0         0         0         0         0         0         0         1         0         0         0         0         0         0       
   0         0         0         0         0         0         0         0         0         0         0         0         1         0         0         0         0         0       
   0         0         0         0         0         0         0         0         0         0         0         0         1         0         0         0         0         0       
   0         0         0         0         0         0         0         0         0         0         0         0         0         1         0         0         0         0       
   0         0         0         0         0         0         0         0         0         0         0         0         0         1         0         0         0         0       
   0         0         0         0         0         0         0         0         0         0         0         0         0         0         1         0         0         0       
   0         0         0         0         0         0         0         0         0         0         0         0         0         0         1         0         0         0       
   0         0         0         0         0         0         0         0         0         0         0         0         0         0         0         1         0         0       
   0         0         0         0         0         0         0         0         0         0         0         0         0         0         0         1         0         0       
   0         0         0         0         0         0         0         0         0         0         0         0         0         0         0         0         1         0       
   0         0         0         0         0         0         0         0         0         0         0         0         0         0         0         0         1         0       
   0         0         0         0         0         0         0         0         0         0         0         0         0         0         0         0         0         1       
   0         0         0         0         0         0         0         0         0         0         0         0         0         0         0         0         0         1       

CRB
   0         0         0         0         0         0         0         0         0         0       
   0.11      0.35      0.39     -0.0011   -0.031    -7.4e-05  -2.2e-16   0         4.2e-17   13      
   0.024     0.064     0.073     0.028    -0.0051    0.0017    0.32     -0.16      0.04      1.9     
   0.021     0.045     0.055     0.024    -0.00072   0.00056   0.21     -0.13      0.012     1.2     
   0.0047    0.012     0.013     0.0056    0.00049  -0.00027   0.044    -0.025    -0.002     0.2     
   0.023     0.063     0.073    -0.028    -0.005    -0.0016    0.32      0.16      0.039     1.9     
   0.021     0.045     0.055    -0.024    -0.00071  -0.00049   0.21      0.13      0.011     1.2     
   0.0048    0.011     0.013    -0.0057    0.00048   0.00029   0.044     0.025    -0.002     0.2     
   0.025     0.078     0.088    -0.024    -0.0062   -0.0086   -0.31     -0.16     -0.077     1.9     
   0.023     0.049     0.057    -0.018    -0.0037   -0.0081   -0.17     -0.14     -0.065     1.2     
   0.0065    0.0063    0.0064    0.0023    0.0021   -0.0032    0.018    -0.025    -0.025     0.2     
   0.024     0.079     0.087     0.023    -0.0063    0.0085   -0.31      0.16     -0.078     1.9     
   0.022     0.049     0.057     0.018    -0.0037    0.0081   -0.17      0.13     -0.065     1.2     
   0.0066    0.0064    0.0064   -0.0024    0.0021    0.0033    0.018     0.026    -0.025     0.2     

QM
   13        0         0        -0.0026   -0.15     -0.013     0.011    -0.04      0.029    -0.012    -0.04      0.029     0.011    -0.044     0.0061   -0.012    -0.044     0.0058  
   0         13        0         0.2      -0.0019    0.29      0.042    -0.00032   5.6e-05   0.042     0.00016   0.00015   0.056    -0.0011   -0.00035   0.055     0.0013    0.0006  
   0         0         13        0.012    -0.32     -0.0035   -0.071    -0.021     0.002     0.072    -0.021     0.0019   -0.071    -0.081    -0.028     0.072    -0.081    -0.028   
  -0.0026    0.2       0.012     0.12     -0.00073   0.019     0.016     0.0018    0.00034   0.017    -0.0018   -0.00035   0.018     0.0091    0.0036    0.018    -0.0092   -0.0037  
  -0.15     -0.0019   -0.32     -0.00073   0.36      6.1e-05   0.015     0.011     0.00036  -0.015     0.011     0.00042  -0.0077    0.014     0.0039    0.0077    0.014     0.004   
  -0.013     0.29     -0.0035    0.019     6.1e-05   0.4       0.0091   -0.0056    0.0036    0.0089    0.0058   -0.0036    0.00033  -0.0072    0.00015   0.0005    0.0076   -5.4e-05 
   0.011     0.042    -0.071     0.016     0.015     0.0091    0.023     0.0011    0.00021   0         0         0         0         0         0         0         0         0       
  -0.04     -0.00032  -0.021     0.0018    0.011    -0.0056    0.0011    0.019    -0.00015   0         0         0         0         0         0         0         0         0       
   0.029     5.6e-05   0.002     0.00034   0.00036   0.0036    0.00021  -0.00015   0.016     0         0         0         0         0         0         0         0         0       
  -0.012     0.042     0.072     0.017    -0.015     0.0089    0         0         0         0.023    -0.0011   -0.00022   0         0         0         0         0         0       
  -0.04      0.00016  -0.021    -0.0018    0.011     0.0058    0         0         0        -0.0011    0.019    -0.00015   0         0         0         0         0         0       
   0.029     0.00015   0.0019   -0.00035   0.00042  -0.0036    0         0         0        -0.00022  -0.00015   0.016     0         0         0         0         0         0       
   0.011     0.056    -0.071     0.018    -0.0077    0.00033   0         0         0         0         0         0         0.024     0.0058    0.0023    0         0         0       
  -0.044    -0.0011   -0.081     0.0091    0.014    -0.0072    0         0         0         0         0         0         0.0058    0.037     0.0093    0         0         0       
   0.0061   -0.00035  -0.028     0.0036    0.0039    0.00015   0         0         0         0         0         0         0.0023    0.0093    0.016     0         0         0       
  -0.012     0.055     0.072     0.018     0.0077    0.0005    0         0         0         0         0         0         0         0         0         0.024    -0.0059   -0.0023  
  -0.044     0.0013   -0.081    -0.0092    0.014     0.0076    0         0         0         0         0         0         0         0         0        -0.0059    0.038     0.0094  
   0.0058    0.0006   -0.028    -0.0037    0.004    -5.4e-05   0         0         0         0         0         0         0         0         0        -0.0023    0.0094    0.016   

QLD
   12        0.0008   -0.012    -0.027    -0.23     -0.032     0.59     -2.2       1.8      -0.6      -2.2       1.8       0.74     -1.5       0.39     -0.76     -1.5       0.37    
   0.0008    12       -0.00057   0.88     -0.0047    0.64      1.8      -0.017     0.0036    1.8       0.0085    0.0095    2.4      -0.027    -0.022     2.4       0.03      0.038   
  -0.012    -0.00057   11        0.15     -0.63     -0.0069   -3        -1.1       0.13      3.1      -1.1       0.12     -2.5      -2        -1.8       2.5      -2        -1.8     
  -0.027     0.88      0.15      0.064    -0.0017    0.02      0.71      0.096     0.021     0.71     -0.096    -0.022     0.69      0.22      0.23      0.69     -0.22     -0.23    
  -0.23     -0.0047   -0.63     -0.0017    0.31     -0.00083   0.61      0.6       0.023    -0.62      0.6       0.027    -0.43      0.36      0.25      0.42      0.36      0.25    
  -0.032     0.64     -0.0069    0.02     -0.00083   0.38      0.41     -0.3       0.23      0.4       0.31     -0.23      0.057    -0.23      0.0097    0.067     0.24     -0.0035  
   0.59      1.8      -3         0.71      0.61      0.41      0.023     0.06      0.013     0         0         0         0         0         0         0         0         0       
  -2.2      -0.017    -1.1       0.096     0.6      -0.3       0.06      0.019    -0.0099    0         0         0         0         0         0         0         0         0       
   1.8       0.0036    0.13      0.021     0.023     0.23      0.013    -0.0099    0.016     0         0         0         0         0         0         0         0         0       
  -0.6       1.8       3.1       0.71     -0.62      0.4       0         0         0         0.023    -0.061    -0.014     0         0         0         0         0         0       
  -2.2       0.0085   -1.1      -0.096     0.6       0.31      0         0         0        -0.061     0.019    -0.0098    0         0         0         0         0         0       
   1.8       0.0095    0.12     -0.022     0.027    -0.23      0         0         0        -0.014    -0.0098    0.016     0         0         0         0         0         0       
   0.74      2.4      -2.5       0.69     -0.43      0.057     0         0         0         0         0         0         0.023     0.14      0.14      0         0         0       
  -1.5      -0.027    -2         0.22      0.36     -0.23      0         0         0         0         0         0         0.14      0.032     0.59      0         0         0       
   0.39     -0.022    -1.8       0.23      0.25      0.0097    0         0         0         0         0         0         0.14      0.59      0.016     0         0         0       
  -0.76      2.4       2.5       0.69      0.42      0.067     0         0         0         0         0         0         0         0         0         0.023    -0.14     -0.15    
  -1.5       0.03     -2        -0.22      0.36      0.24      0         0         0         0         0         0         0         0         0        -0.14      0.032     0.6     
   0.37      0.038    -1.8      -0.23      0.25     -0.0035    0         0         0         0         0         0         0         0         0        -0.15      0.6       0.016   

QLDIAGINV
   0.082   
   0.083   
   0.087   
   16      
   3.2     
   2.6     
   43      
   54      
   64      
   43      
   54      
   64      
   43      
   31      
   64      
   43      
   31      
   64      

QLDIAGSQRTINV
   0.29    
   0.29    
   0.3     
   3.9     
   1.8     
   1.6     
   6.6     
   7.3     
   8       
   6.6     
   7.3     
   8       
   6.6     
   5.6     
   8       
   6.5     
   5.6     
   8       

D_rownnz              18 18 18 18 18 18 9 9 9 9 9 9 9 9 9 9 9 9

D_rowadr              0 18 36 54 72 90 108 117 126 135 144 153 162 171 180 189 198 207

D_colind              0 1 2 3 4 5 6 7 8 9 10 11 12 13 14 15 16 17 0 1 2 3 4 5 6 7 8 9 10 11 12 13 14 15 16 17 0 1 2 3 4 5 6 7 8 9 10 11 12 13 14 15 16 17 0 1 2 3 4 5 6 7 8 9 10 11 12 13 14 15 16 17 0 1 2 3 4 5 6 7 8 9 10 11 12 13 14 15 16 17 0 1 2 3 4 5 6 7 8 9 10 11 12 13 14 15 16 17 0 1 2 3 4 5 6 7 8 0 1 2 3 4 5 6 7 8 0 1 2 3 4 5 6 7 8 0 1 2 3 4 5 9 10 11 0 1 2 3 4 5 9 10 11 0 1 2 3 4 5 9 10 11 0 1 2 3 4 5 12 13 14 0 1 2 3 4 5 12 13 14 0 1 2 3 4 5 12 13 14 0 1 2 3 4 5 15 16 17 0 1 2 3 4 5 15 16 17 0 1 2 3 4 5 15 16 17

B_rownnz              18 18 9 9 9 9 9 9 9 9 9 9 9 9

B_rowadr              0 18 36 45 54 63 72 81 90 99 108 117 126 135

B_colind              0 1 2 3 4 5 6 7 8 9 10 11 12 13 14 15 16 17 0 1 2 3 4 5 6 7 8 9 10 11 12 13 14 15 16 17 0 1 2 3 4 5 6 7 8 0 1 2 3 4 5 6 7 8 0 1 2 3 4 5 6 7 8 0 1 2 3 4 5 9 10 11 0 1 2 3 4 5 9 10 11 0 1 2 3 4 5 9 10 11 0 1 2 3 4 5 12 13 14 0 1 2 3 4 5 12 13 14 0 1 2 3 4 5 12 13 14 0 1 2 3 4 5 15 16 17 0 1 2 3 4 5 15 16 17 0 1 2 3 4 5 15 16 17

QDERIV
   0         0         0         0         0         0         0         0         0         0         0         0         0         0         0         0         0         0       
   0         0         0         0         0         0         0         0         0         0         0         0         0         0         0         0         0         0       
   0         0         0         0         0         0         0         0         0         0         0         0         0         0         0         0         0         0       
   0         0         0         0         0         0         0         0         0         0         0         0         0         0         0         0         0         0       
   0         0         0         0         0         0         0         0         0         0         0         0         0         0         0         0         0         0       
   0         0         0         0         0         0         0         0         0         0         0         0         0         0         0         0         0         0       
   0         0         0         0         0         0         0         0         0         0         0         0         0         0         0         0         0         0       
   0         0         0         0         0         0         0         0         0         0         0         0         0         0         0         0         0         0       
   0         0         0         0         0         0         0         0         0         0         0         0         0         0         0         0         0         0       
   0         0         0         0         0         0         0         0         0         0         0         0         0         0         0         0         0         0       
   0         0         0         0         0         0         0         0         0         0         0         0         0         0         0         0         0         0       
   0         0         0         0         0         0         0         0         0         0         0         0         0         0         0         0         0         0       
   0         0         0         0         0         0         0         0         0         0         0         0         0         0         0         0         0         0       
   0         0         0         0         0         0         0         0         0         0         0         0         0         0         0         0         0         0       
   0         0         0         0         0         0         0         0         0         0         0         0         0         0         0         0         0         0       
   0         0         0         0         0         0         0         0         0         0         0         0         0         0         0         0         0         0       
   0         0         0         0         0         0         0         0         0         0         0         0         0         0         0         0         0         0       
   0         0         0         0         0         0         0         0         0         0         0         0         0         0         0         0         0         0       

QLU
   0         0         0         0         0         0         0         0         0         0         0         0         0         0         0         0         0         0       
   0         0         0         0         0         0         0         0         0         0         0         0         0         0         0         0         0         0       
   0         0         0         0         0         0         0         0         0         0         0         0         0         0         0         0         0         0       
   0         0         0         0         0         0         0         0         0         0         0         0         0         0         0         0         0         0       
   0         0         0         0         0         0         0         0         0         0         0         0         0         0         0         0         0         0       
   0         0         0         0         0         0         0         0         0         0         0         0         0         0         0         0         0         0       
   0         0         0         0         0         0         0         0         0         0         0         0         0         0         0         0         0         0       
   0         0         0         0         0         0         0         0         0         0         0         0         0         0         0         0         0         0       
   0         0         0         0         0         0         0         0         0         0         0         0         0         0         0         0         0         0       
   0         0         0         0         0         0         0         0         0         0         0         0         0         0         0         0         0         0       
   0         0         0         0         0         0         0         0         0         0         0         0         0         0         0         0         0         0       
   0         0         0         0         0         0         0         0         0         0         0         0         0         0         0         0         0         0       
   0         0         0         0         0         0         0         0         0         0         0         0         0         0         0         0         0         0       
   0         0         0         0         0         0         0         0         0         0         0         0         0         0         0         0         0         0       
   0         0         0         0         0         0         0         0         0         0         0         0         0         0         0         0         0         0       
   0         0         0         0         0         0         0         0         0         0         0         0         0         0         0         0         0         0       
   0         0         0         0         0         0         0         0         0         0         0         0         0         0         0         0         0         0       
   0         0         0         0         0         0         0         0         0         0         0         0         0         0         0         0         0         0       

CONTACT
  0:
     dim           3
     geom          floor 18
     exclude       0
     efc_address   16
     solref         0.02      1       
     solimp         0.9       0.95      0.001     0.5       2       
     dist           0.00042 
     includemargin  0.001   
     pos           -0.055    -0.13      0.00021 
     frame          0         0         1         1        -0.068     0         0.068     1        -0       
     friction       1         1         0.005     0.0001    0.0001  
     mu             0.1     
  1:
     dim           3
     geom          floor 29
     exclude       0
     efc_address   19
     solref         0.02      1       
     solimp         0.9       0.95      0.001     0.5       2       
     dist           0.00034 
     includemargin  0.001   
     pos           -0.057     0.13      0.00017 
     frame          0         0         1         0.99      0.11      0        -0.11      0.99      0       
     friction       1         1         0.005     0.0001    0.0001  
     mu             0.1     
  2:
     dim           3
     geom          floor 41
     exclude       0
     efc_address   22
     solref         0.02      1       
     solimp         0.9       0.95      0.001     0.5       2       
     dist          -0.0012  
     includemargin  0.001   
     pos           -0.34     -0.13     -0.00062 
     frame          0         0         1        -1        -0.0056    0         0.0056   -1         0       
     friction       1         1         0.005     0.0001    0.0001  
     mu             0.1     
  3:
     dim           3
     geom          floor 53
     exclude       0
     efc_address   25
     solref         0.02      1       
     solimp         0.9       0.95      0.001     0.5       2       
     dist          -0.0011  
     includemargin  0.001   
     pos           -0.34      0.13     -0.00057 
     frame          0         0         1        -1         0.00032   0        -0.00032  -1         0       
     friction       1         1         0.005     0.0001    0.0001  
     mu             0.1     
  4:
     dim           6
     geom          RR 14
     exclude       0
     efc_address   28
     solref         0.02      1       
     solimp         0.92      1         0.031     0.5       2       
     dist           0.00074 
     includemargin  0.001   
     pos           -0.11     -0.13      0.056   
     frame          0.94      0.0024    0.35     -0.0022    1        -0.00084  -0.35      0         0.94    
     friction       0.8       0.8       0.02      0.01      0.01    
     mu             0.08    
  5:
     dim           6
     geom          RL 25
     exclude       0
     efc_address   34
     solref         0.02      1       
     solimp         0.92      1         0.031     0.5       2       
     dist           0.00074 
     includemargin  0.001   
     pos           -0.11      0.13      0.054   
     frame          0.94     -0.00027   0.35      0.00025   1         9.5e-05  -0.35      1.4e-20   0.94    
     friction       0.8       0.8       0.02      0.01      0.01    
     mu             0.08    

EFC_TYPE
  1
  1
  1
  1
  1
  1
  1
  1
  1
  1
  1
  1
  3
  3
  3
  3
  7
  7
  7
  7
  7
  7
  7
  7
  7
  7
  7
  7
  7
  7
  7
  7
  7
  7
  7
  7
  7
  7
  7
  7

EFC_ID
  6
  7
  8
  9
  10
  11
  12
  13
  14
  15
  16
  17
  3
  6
  8
  11
  0
  0
  0
  1
  1
  1
  2
  2
  2
  3
  3
  3
  4
  4
  4
  4
  4
  4
  5
  5
  5
  5
  5
  5

EFC_J
   0         0         0         0         0         0         1         0         0         0         0         0         0         0         0         0         0         0       
   0         0         0         0         0         0         0         1         0         0         0         0         0         0         0         0         0         0       
   0         0         0         0         0         0         0         0         1         0         0         0         0         0         0         0         0         0       
   0         0         0         0         0         0         0         0         0         1         0         0         0         0         0         0         0         0       
   0         0         0         0         0         0         0         0         0         0         1         0         0         0         0         0         0         0       
   0         0         0         0         0         0         0         0         0         0         0         1         0         0         0         0         0         0       
   0         0         0         0         0         0         0         0         0         0         0         0         1         0         0         0         0         0       
   0         0         0         0         0         0         0         0         0         0         0         0         0         1         0         0         0         0       
   0         0         0         0         0         0         0         0         0         0         0         0         0         0         1         0         0         0       
   0         0         0         0         0         0         0         0         0         0         0         0         0         0         0         1         0         0       
   0         0         0         0         0         0         0         0         0         0         0         0         0         0         0         0         1         0       
   0         0         0         0         0         0         0         0         0         0         0         0         0         0         0         0         0         1       
   0         0         0         0         0         0         0         0         1         0         0         0         0         0         0         0         0         0       
   0         0         0         0         0         0         0         0         0         0         0         1         0         0         0         0         0         0       
   0         0         0         0         0         0         0         0         0         0         0         0         0         1         0         0         0         0       
   0         0         0         0         0         0         0         0         0         0         0         0         0         0         0         0         1         0       
   0         0         1        -0.13     -0.26      0.02     -0.082    -0.075     0         0         0         0         0         0         0         0         0         0       
   1        -0.068     0         0.0053   -0.18      0.11     -0.0022   -0.21     -0.01      0         0         0         0         0         0         0         0         0       
   0.068     1         0         0.22     -0.014     0.24      0.22     -0.015    -0.00071   0         0         0         0         0         0         0         0         0       
   0         0         1         0.13     -0.26     -0.022     0         0         0         0.083    -0.075     0         0         0         0         0         0         0       
   0.99      0.11      0         0.0026   -0.18     -0.1       0         0         0         0.01     -0.21     -0.01      0         0         0         0         0         0       
  -0.11      0.99      0         0.22      0.018     0.24      0         0         0         0.22      0.024     0.0011    0         0         0         0         0         0       
   0         0         1        -0.13      0.025     0.021     0         0         0         0         0         0        -0.081    -0.16      0         0         0         0       
  -1        -0.0056    0        -0.021     0.18     -0.13      0         0         0         0         0         0        -0.014     0.15      0.0094    0         0         0       
   0.0056   -1         0        -0.17     -0.00069   0.054     0         0         0         0         0         0        -0.17      0.0014   -4.2e-05   0         0         0       
   0         0         1         0.13      0.026    -0.021     0         0         0         0         0         0         0         0         0         0.082    -0.16      0       
  -1         0.00032   0         0.022     0.18      0.13      0         0         0         0         0         0         0         0         0         0.014     0.15      0.0094  
  -0.00032  -1         0        -0.17      0.00036   0.054     0         0         0         0         0         0         0         0         0        -0.17     -0.0022    6.4e-05 
   0         0         0         0         0         0        -0.016    -0.15      0         0         0         0         0.016     0.23      0.038     0         0         0       
   0         0         0         0         0         0         0.15     -7.6e-05   0         0         0         0        -0.15      0.0045    0.0028    0         0         0       
   0         0         0         0         0         0        -0.08      0.035     0         0         0         0         0.08      0.33      0.23      0         0         0       
   0         0         0         0         0         0         0.98     -0.0034    0         0         0         0        -0.98      0.0032    0.0032    0         0         0       
   0         0         0         0         0         0         0.00087   1         0         0         0         0        -0.00087  -1        -1         0         0         0       
   0         0         0         0         0         0        -0.2      -0.012     0         0         0         0         0.2       0.011     0.011     0         0         0       
   0         0         0         0         0         0         0         0         0         0.016    -0.15      0         0         0         0        -0.016     0.23      0.039   
   0         0         0         0         0         0         0         0         0         0.16     -0.00064   0         0         0         0        -0.16     -0.0072   -0.0049  
   0         0         0         0         0         0         0         0         0         0.082     0.035     0         0         0         0        -0.082     0.33      0.23    
   0         0         0         0         0         0         0         0         0         0.98      0.00074   0         0         0         0        -0.98     -0.0007   -0.0007  
   0         0         0         0         0         0         0         0         0         0.0035    1         0         0         0         0        -0.0035   -1        -1       
   0         0         0         0         0         0         0         0         0        -0.2       0.021     0         0         0         0         0.2      -0.021    -0.021   

EFC_POS
   0       
   0       
   0       
   0       
   0       
   0       
   0       
   0       
   0       
   0       
   0       
   0       
  -0.0014  
  -0.0014  
  -0.0045  
  -0.0042  
   0.00042 
   0       
   0       
   0.00034 
   0       
   0       
  -0.0012  
   0       
   0       
  -0.0011  
   0       
   0       
   0.00074 
   0       
   0       
   0       
   0       
   0       
   0.00074 
   0       
   0       
   0       
   0       
   0       

EFC_MARGIN
   0       
   0       
   0       
   0       
   0       
   0       
   0       
   0       
   0       
   0       
   0       
   0       
   0       
   0       
   0       
   0       
   0.001   
   0       
   0       
   0.001   
   0       
   0       
   0.001   
   0       
   0       
   0.001   
   0       
   0       
   0.001   
   0       
   0       
   0       
   0       
   0       
   0.001   
   0       
   0       
   0       
   0       
   0       

EFC_FRICTIONLOSS
   0.2     
   0.2     
   0.2     
   0.2     
   0.2     
   0.2     
   0.2     
   0.2     
   0.2     
   0.2     
   0.2     
   0.2     
   0       
   0       
   0       
   0       
   0       
   0       
   0       
   0       
   0       
   0       
   0       
   0       
   0       
   0       
   0       
   0       
   0       
   0       
   0       
   0       
   0       
   0       
   0       
   0       
   0       
   0       
   0       
   0       

EFC_DIAGAPPROX
   33      
   32      
   81      
   33      
   32      
   81      
   33      
   32      
   81      
   33      
   32      
   81      
   81      
   81      
   32      
   32      
   2.1     
   0.021   
   0.021   
   2.1     
   0.021   
   0.021   
   2.1     
   0.021   
   0.021   
   2.1     
   0.021   
   0.021   
   2.3     
   0.023   
   0.023   
   37      
   1.5e+02 
   1.5e+02 
   2.3     
   0.023   
   0.023   
   37      
   1.5e+02 
   1.5e+02 

EFC_KBIP
   0         1.1e+02   0.9       0       
   0         1.1e+02   0.9       0       
   0         1.1e+02   0.9       0       
   0         1.1e+02   0.9       0       
   0         1.1e+02   0.9       0       
   0         1.1e+02   0.9       0       
   0         1.1e+02   0.9       0       
   0         1.1e+02   0.9       0       
   0         1.1e+02   0.9       0       
   0         1.1e+02   0.9       0       
   0         1.1e+02   0.9       0       
   0         1.1e+02   0.9       0       
   2.8e+03   1.1e+02   0.95      0       
   2.8e+03   1.1e+02   0.95      0       
   2.8e+03   1.1e+02   0.95      0       
   2.8e+03   1.1e+02   0.95      0       
   2.8e+03   1.1e+02   0.93     -85      
   0         1.1e+02   0.93     -85      
   0         1.1e+02   0.93     -85      
   2.8e+03   1.1e+02   0.94     -68      
   0         1.1e+02   0.94     -68      
   0         1.1e+02   0.94     -68      
   2.8e+03   1.1e+02   0.95      0       
   0         1.1e+02   0.95      0       
   0         1.1e+02   0.95      0       
   2.8e+03   1.1e+02   0.95      0       
   0         1.1e+02   0.95      0       
   0         1.1e+02   0.95      0       
   2.5e+03   1e+02     0.92     -0.091   
   0         1e+02     0.92     -0.091   
   0         1e+02     0.92     -0.091   
   0         1e+02     0.92     -0.091   
   0         1e+02     0.92     -0.091   
   0         1e+02     0.92     -0.091   
   2.5e+03   1e+02     0.92     -0.09    
   0         1e+02     0.92     -0.09    
   0         1e+02     0.92     -0.09    
   0         1e+02     0.92     -0.09    
   0         1e+02     0.92     -0.09    
   0         1e+02     0.92     -0.09    

EFC_D
   0.28    
   0.28    
   0.11    
   0.28    
   0.28    
   0.11    
   0.28    
   0.28    
   0.11    
   0.28    
   0.28    
   0.11    
   0.24    
   0.24    
   0.59    
   0.59    
   6.5     
   6.5e+02 
   6.5e+02 
   7.2     
   7.2e+02 
   7.2e+02 
   8.9     
   8.9e+02 
   8.9e+02 
   8.9     
   8.9e+02 
   8.9e+02 
   4.6     
   4.6e+02 
   4.6e+02 
   0.29    
   0.073   
   0.073   
   4.7     
   4.7e+02 
   4.7e+02 
   0.29    
   0.073   
   0.073   

EFC_R
   3.6     
   3.5     
   9       
   3.6     
   3.5     
   9       
   3.6     
   3.6     
   9       
   3.6     
   3.6     
   9       
   4.2     
   4.2     
   1.7     
   1.7     
   0.15    
   0.0015  
   0.0015  
   0.14    
   0.0014  
   0.0014  
   0.11    
   0.0011  
   0.0011  
   0.11    
   0.0011  
   0.0011  
   0.22    
   0.0022  
   0.0022  
   3.4     
   14      
   14      
   0.22    
   0.0022  
   0.0022  
   3.4     
   14      
   14      

ACTUATOR_VELOCITY
   0.00051 
  -0.00057 
  -1.7e-07 
   0.00086 
  -0.00056 
  -7.9e-07 
  -0.00047 
   6.3e-06 
  -0.0019  
   0.0017  
  -1.6e-05 
  -0.0016  
   0.00051 
   0.00051 
  -0.00057 
  -0.00057 
  -1.7e-07 
  -1.7e-07 
   0.00086 
   0.00086 
  -0.00056 
  -0.00056 
  -7.9e-07 
  -7.9e-07 
  -0.00047 
  -0.00047 
   6.3e-06 
   6.3e-06 
  -0.0019  
  -0.0019  
   0.0017  
   0.0017  
  -1.6e-05 
  -1.6e-05 
  -0.0016  
  -0.0016  

CVEL
   0         0         0         0         0         0       
  -0.00042  -0.00012  -0.00011  -7.2e-05  -4.9e-05  -8.6e-05 
   8.1e-05  -0.00012  -2.5e-05  -7.6e-05  -4.1e-05  -6.2e-05 
   8.2e-05  -0.00069  -1.8e-05  -5.2e-05  -4.2e-05  -0.00015 
   8.2e-05  -0.00069  -1.8e-05  -5.2e-05  -4.2e-05  -0.00015 
   0.00042  -0.00012   3.1e-05  -6.5e-05  -3.6e-05  -0.00012 
   0.00043  -0.00068   2e-05    -4.3e-05  -3.4e-05  -0.00021 
   0.00043  -0.00068   1.9e-05  -4.3e-05  -3.4e-05  -0.00021 
  -0.00089  -0.00012  -0.00018  -6.8e-05  -5.6e-05  -0.00011 
  -0.00089  -0.00012  -0.00018  -6.8e-05  -5.6e-05  -0.00011 
  -0.00089  -0.002    -0.00016  -0.00037  -5.5e-05  -1.4e-05 
   0.0013   -0.00012   0.00017  -5.9e-05  -2.2e-05  -0.00016 
   0.0013   -0.00013   0.00017  -5.9e-05  -2.2e-05  -0.00016 
   0.0013   -0.0017    0.00014  -0.00032  -2.6e-05  -8.1e-05 

CDOF_DOT
   0         0         0         0         0         0       
   0         0         0         0         0         0       
   0         0         0         0         0         0       
   0         0         0        -6.4e-06  -7.5e-05   4e-05   
  -0         0         0         8.9e-05  -1.5e-07  -7.3e-05 
   0        -0         0        -4e-05     8.6e-05  -7e-06   
  -1.9e-05  -3.8e-05   0.00012  -1.2e-05  -5.2e-05   4e-05   
   2.7e-05   1.1e-06   8.1e-05   4.3e-05  -1.3e-05  -8e-05   
   2.7e-05   1.1e-06   8.1e-05  -9.2e-06  -2.3e-05   5.8e-05 
  -1.9e-05  -3.8e-05   0.00012  -4.1e-07  -9.3e-05   4.2e-05 
  -3.3e-05  -8.8e-06   0.00042   0.0001   -6.7e-05  -7.2e-05 
  -3.3e-05  -8.8e-06   0.00042   5.4e-05  -9.6e-05   6.3e-05 
  -1.9e-05  -3.8e-05   0.00012  -1.2e-05  -5.2e-05   4e-05   
   0.00019  -1.1e-05  -0.00089   0.00013  -0.00019  -6.3e-05 
   0.00019  -1.1e-05  -0.00089   0.00012  -7.4e-05  -4.9e-05 
  -1.9e-05  -3.8e-05   0.00012  -4.1e-07  -9.3e-05   4.2e-05 
  -0.00018  -2.7e-05   0.0013    0.00019   0.00028  -5.1e-05 
  -0.00018  -2.7e-05   0.0013    0.00017   9.5e-05  -3.5e-05 

QFRC_BIAS
  -2.8e-07 
  -1e-07   
   1.3e+02 
   0.11    
  -3.1     
  -0.034   
  -0.7     
  -0.2     
   0.019   
   0.7     
  -0.2     
   0.019   
  -0.7     
  -0.79    
  -0.27    
   0.71    
  -0.79    
  -0.28    

QFRC_PASSIVE
   0       
   0       
   0       
   0       
   0       
   0       
  -0.00051 
   0.0011  
   3.3e-07 
  -0.00086 
   0.0011  
   1.6e-06 
   0.00047 
  -1.3e-05 
   0.0038  
  -0.0017  
   3.2e-05 
   0.0032  

EFC_VEL
   0.00051 
  -0.00057 
  -1.7e-07 
   0.00086 
  -0.00056 
  -7.9e-07 
  -0.00047 
   6.3e-06 
  -0.0019  
   0.0017  
  -1.6e-05 
  -0.0016  
  -1.7e-07 
  -7.9e-07 
   6.3e-06 
  -1.6e-05 
  -6.5e-07 
   6.3e-05 
  -2.8e-05 
   9.3e-07 
   7.2e-05 
   3.4e-05 
   2.3e-07 
   5.5e-05 
   0.0002  
  -7.3e-07 
   4.4e-05 
  -0.00019 
  -3.3e-07 
   0.00015 
  -0.00054 
   0.00096 
   0.0013  
  -0.00021 
   4.8e-06 
  -0.00013 
  -0.00047 
  -0.00086 
   0.0011  
   0.0002  

EFC_AREF
  -0.054   
   0.06    
   1.8e-05 
  -0.09    
   0.059   
   8.4e-05 
   0.05    
  -0.00067 
   0.2     
  -0.18    
   0.0017  
   0.17    
   3.7     
   3.6     
   12      
   11      
   1.5     
  -0.0066  
   0.003   
   1.7     
  -0.0075  
  -0.0036  
   5.9     
  -0.0058  
  -0.021   
   5.6     
  -0.0046  
   0.019   
   0.59    
  -0.015   
   0.054   
  -0.096   
  -0.13    
   0.021   
   0.58    
   0.013   
   0.047   
   0.086   
  -0.11    
  -0.02    

SUBTREE_LINVEL
   0         0         0       
   0         0         0       
   0         0         0       
   0         0         0       
   0         0         0       
   0         0         0       
   0         0         0       
   0         0         0       
   0         0         0       
   0         0         0       
   0         0         0       
   0         0         0       
   0         0         0       
   0         0         0       

SUBTREE_ANGMOM
   0         0         0       
   0         0         0       
   0         0         0       
   0         0         0       
   0         0         0       
   0         0         0       
   0         0         0       
   0         0         0       
   0         0         0       
   0         0         0       
   0         0         0       
   0         0         0       
   0         0         0       
   0         0         0       

ACTUATOR_FORCE
   0       
   0       
   0       
   0       
   0       
   0       
   0       
   0       
   0       
   0       
   0       
   0       
   0       
  -0.00076 
   0       
   0.00057 
   0       
  -0.89    
   0       
  -0.0013  
   0       
   0.00056 
   0       
  -0.89    
   0       
   0.00071 
   0       
  -6.3e-06 
   0       
  -0.89    
   0       
  -0.0026  
   0       
   1.6e-05 
   0       
  -0.89    

QFRC_ACTUATOR
   0       
   0       
   0       
   0       
   0       
   0       
  -0.00076 
   0.00057 
  -0.89    
  -0.0013  
   0.00056 
  -0.89    
   0.00071 
  -6.3e-06 
  -0.89    
  -0.0026  
   1.6e-05 
  -0.89    

QFRC_SMOOTH
   2.8e-07 
   1e-07   
  -1.3e+02 
  -0.11    
   3.1     
   0.034   
   0.7     
   0.21    
  -0.91    
  -0.71    
   0.2     
  -0.91    
   0.7     
   0.79    
  -0.61    
  -0.71    
   0.79    
  -0.61    

QACC_SMOOTH
   0.44    
   0.0027  
  -9.8     
   0.082   
   0.59    
   0.012   
  -0.28    
   0.2     
  -57      
  -0.0082  
   0.19    
  -57      
   2.2     
   16      
  -67      
  -2.5     
   17      
  -67      

EFC_B
  -0.23    
   0.13    
  -57      
   0.082   
   0.13    
  -57      
   2.2     
   16      
  -67      
  -2.3     
   17      
  -67      
  -61      
  -61      
   4.6     
   5.5     
  -11      
   0.89    
   0.017   
  -12      
   0.88    
  -0.07    
  -19      
   1.5     
  -0.35    
  -18      
   1.5     
   0.36    
   0.62    
  -0.48    
  -9.9     
  -2.5     
   51      
  -0.1     
   0.57    
   0.59    
  -9.9     
   2.4     
   51      
   0.59    

EFC_FORCE
  -0.015   
   0.017   
   2e-06   
  -0.025   
   0.017   
   9.3e-06 
   0.014   
  -0.00019 
   0.022   
  -0.05    
   0.00046 
   0.019   
   0.86    
   0.85    
   7.1     
   6.5     
   9.7     
  -4.3     
   1.9     
   12      
  -5.4     
  -2.6     
   53      
  -5.2     
  -18      
   50      
  -4.2     
   17      
   2.9     
  -0.61    
   2.2     
  -0.0025  
  -0.00086 
   0.00014 
   2.9     
   0.6     
   2.2     
   0.0025  
  -0.00078 
  -0.00014 

EFC_STATE
  1
  1
  1
  1
  1
  1
  1
  1
  1
  1
  1
  1
  1
  1
  1
  1
  1
  1
  1
  1
  1
  1
  1
  1
  1
  1
  1
  1
  4
  4
  4
  4
  4
  4
  4
  4
  4
  4
  4
  4

QFRC_CONSTRAINT
  -8.4e-06 
  -3.5e-05 
   1.3e+02 
   0.11    
  -3.1     
  -0.034   
  -0.7     
  -0.21    
   0.91    
   0.71    
  -0.2     
   0.91    
  -0.7     
  -0.79    
   0.61    
   0.71    
  -0.79    
   0.61    

QFRC_INVERSE
   0       
   0       
   0       
   0       
   0       
   0       
   0       
   0       
   0       
   0       
   0       
   0       
   0       
   0       
   0       
   0       
   0       
   0       

CACC
   0         0         0        -0        -0         9.8     
  -1.5e-05  -8.8e-07  -5.2e-07  -4.4e-07  -3.2e-06   9.8     
   1.2e-05  -8.1e-07   3.9e-06  -6.6e-07  -2.8e-06   9.8     
   1.2e-05  -1.5e-06   3.9e-06  -6.5e-07  -2.8e-06   9.8     
   1.2e-05  -1.5e-06   3.9e-06  -6.5e-07  -2.8e-06   9.8     
   8.5e-06  -8.4e-07   3.4e-06  -2.7e-07  -2.9e-06   9.8     
   8.5e-06  -3.2e-06   3.1e-06  -2.3e-07  -2.9e-06   9.8     
   8.5e-06  -3e-06     3.1e-06  -1.9e-07  -2.9e-06   9.8     
   1.5e-05  -7.7e-07   4.2e-06  -6.7e-07  -2.7e-06   9.8     
   1.5e-05  -1e-05     4.3e-06  -8.5e-07  -2.7e-06   9.8     
   1.4e-05   2.2e-05   5.6e-06   4.1e-06  -2.6e-06   9.8     
   2.7e-05  -8.1e-07   6.6e-06  -1.3e-07  -2.7e-06   9.8     
   2.7e-05   3.1e-05   7.2e-06   4.9e-07  -2.6e-06   9.8     
   2.9e-05  -0.00028  -1.1e-06  -5e-05    -3.4e-06   9.8     

CFRC_INT
   2.3e-15   1.2e-15   6.9e-16  -5.8e-15   2.2e-16  -2.3e-14 
   2.3e-15   1.2e-15   6.9e-16  -5.8e-15   2.2e-16  -2.3e-14 
  -0.22     -0.77     -0.13      2.2      -1.6       5.7     
   0.042     0.27     -0.13      2.2      -1.6      -0.97    
   0.64      1.2       0.013     4.2      -2.2      -7.7     
   0.014    -0.31      0.22      3.2       2.6       3.1     
  -0.24      0.73      0.22      3.2       2.6      -3.6     
  -0.84      1.6       0.082     5.1       3.2      -10      
   1.7       0.5       0.4      -3.2      -19       -31      
   2        -0.87      0.4      -3.2      -19       -38      
   3.1      -2.7       0.4      -3.2      -19       -48      
  -1.6       0.44     -0.49     -2.2       18       -29      
  -1.8      -0.94     -0.49     -2.2       18       -35      
  -2.9      -2.8      -0.49     -2.2       18       -45      

CFRC_EXT
   0         0         0         0         0         0       
   0         0         0         0         0         0       
   0         0         0         0         0         0       
  -0.47     -0.78      0.14      1.9      -0.6       3.1     
  -0.88     -1.6      -0.013    -4.2       2.2       9.7     
   0         0         0         0         0         0       
   0.47     -0.77     -0.14      1.9       0.6       3.1     
   1.1      -2.1      -0.082    -5.1      -3.2       12      
   0         0         0         0         0         0       
   0         0         0         0         0         0       
  -3.3       2.6      -0.4       3.2       19        50      
   0         0         0         0         0         0       
   0         0         0         0         0         0       
   3.1       2.6       0.49      2.2      -18        47      

