SIZES
  nstack                1835008
  nbuffer               36448
  pstack                324
  maxuse_stack          1871
  maxuse_con            24
  maxuse_efc            94
  solver_iter           1
  solver_nnz            324
  nbodypair_broad       6
  nbodypair_narrow      6
  ngeompair_mid         6
  ngeompair_narrow      6
  ne                    0
  nf                    18
  nefc                  40
  ncon                  6

TIMER
    0:  duration =  1.3        number = 8
    1:  duration =  1.3        number = 32
    2:  duration =  0          number = 0
    3:  duration =  0.75       number = 32
    4:  duration =  0.077      number = 32
    5:  duration =  0.019      number = 32
    6:  duration =  0.015      number = 32
    7:  duration =  0.39       number = 32
    8:  duration =  0.094      number = 32
    9:  duration =  0.047      number = 32
    10:  duration =  0.45       number = 32
    11:  duration =  0.15       number = 32
    12:  duration =  0.001      number = 32

SOLVER STAT
  solver_iter = 1
  solver_nnz = 324
    0:  improvement =  0         gradient =  5e-16     lineslope =  2.2e-18 
        nactive = 40   nchange = 0   neval = 2   nupdate = 6
solver_fwdinv =   0         0       

ENERGY =   12        1.9e-07 

TIME =  6.2     

QPOS
  -0.064   
  -0.00032 
   0.11    
   1       
  -0.0019  
   0.00023 
   3.9e-05 
  -0.014   
   1.4     
  -2.7     
   0.025   
   1.4     
  -2.7     
   0.011   
   1.1     
  -2.7     
   5.5e-05 
   1.1     
  -2.7     

QVEL
  -3.6e-05 
  -2.6e-05 
  -0.00013 
  -0.00045 
   0.00023 
   4.4e-06 
  -0.0015  
  -0.001   
  -2e-06   
   0.0028  
  -0.0011  
  -1.2e-05 
  -0.00041 
  -0.00028 
  -1.9e-06 
   0.0018  
  -0.00028 
  -1.3e-05 

QACC_WARMSTART
  -2.1e-06 
   1.9e-07 
  -3.1e-07 
  -6.4e-06 
   1.3e-05 
  -7.3e-06 
   6.9e-06 
  -3.8e-05 
  -4.3e-06 
   3.3e-05 
  -2.4e-05 
  -4.4e-07 
  -1.1e-05 
  -3.6e-05 
   9.8e-06 
   4.5e-06 
  -2.4e-05 
   4.9e-06 

CTRL
   0       
   0       
   0       
   0       
   0       
   0       
   0       
   0       
   0       
   0       
   0       
   0       
   0       
   0       
   0       
   0       
   0       
   0       
   0       
   0       
   0       
   0       
   0       
   0       
   0       
   0       
   0       
   0       
   0       
   0       
   0       
   0       
   0       
   0       
   0       
   0       

QFRC_APPLIED
   0       
   0       
   0       
   0       
   0       
   0       
   0       
   0       
   0       
   0       
   0       
   0       
   0       
   0       
   0       
   0       
   0       
   0       

XFRC_APPLIED
   0         0         0         0         0         0       
   0         0         0         0         0         0       
   0         0         0         0         0         0       
   0         0         0         0         0         0       
   0         0         0         0         0         0       
   0         0         0         0         0         0       
   0         0         0         0         0         0       
   0         0         0         0         0         0       
   0         0         0         0         0         0       
   0         0         0         0         0         0       
   0         0         0         0         0         0       
   0         0         0         0         0         0       
   0         0         0         0         0         0       
   0         0         0         0         0         0       

QACC
  -2.1e-06 
   1.9e-07 
  -3.1e-07 
  -6.4e-06 
   1.3e-05 
  -7.3e-06 
   6.9e-06 
  -3.8e-05 
  -4.3e-06 
   3.3e-05 
  -2.4e-05 
  -4.4e-07 
  -1.1e-05 
  -3.6e-05 
   9.8e-06 
   4.5e-06 
  -2.4e-05 
   4.9e-06 

SENSOR
  -0.014   
   1.4     
  -2.7     
   0.025   
   1.4     
  -2.7     
   0.011   
   1.1     
  -2.7     
   5.1e-05 
   1.1     
  -2.7     
  -0.0015  
  -0.001   
  -2e-06   
   0.0028  
  -0.0011  
  -1.2e-05 
  -0.00041 
  -0.00028 
  -1.9e-06 
   0.0018  
  -0.00028 
  -1.3e-05 
  -0.0045  
  -0.037   
   9.8     
  -0.00045 
   0.00023 
   4.5e-06 
  -0.064   
  -0.00032 
   0.11    
   1       
  -0.0019  
   0.00023 
   3.9e-05 
   0.12    
  -0.13    
   0.021   
   0.78    
  -0.007   
  -0.62    
   0.0057  
   0.12    
   0.13    
   0.021   
   0.78    
   0.0084  
  -0.62    
  -0.0067  
  -0.23    
  -0.13    
   0.021   
   0.7     
   0.0026  
  -0.72    
  -0.0026  
  -0.23    
   0.13    
   0.021   
   0.7     
  -0.0013  
  -0.72    
   0.0014  
   9.6     
  -0.18    
   2.2     
  -0.00042 
  -0.00082 
   0.0019  
   9.6     
   0.21    
   2.2     
   0.00052 
  -0.00084 
  -0.0023  
   9.8     
   0.072   
  -0.28    
   2.7e-05 
  -5.4e-05 
   0.00087 
   9.8     
  -0.036   
  -0.28    
  -3.4e-05 
  -6.5e-05 
  -0.0013  
  -26      
  -13      
  -9.4     
  -27      
   13      
  -9.5     
  -20      
  -7       
   2.2     
  -20      
   6.9     
   2.2     
  -3.6e-05 
  -2.5e-05 
  -0.00013 

XPOS
   0         0         0       
  -0.064    -0.00032   0.11    
   0.12     -0.047     0.11    
   0.12     -0.13      0.11    
  -0.084    -0.13      0.068   
   0.12      0.046     0.11    
   0.12      0.13      0.11    
  -0.084     0.13      0.068   
  -0.25     -0.047     0.11    
  -0.25     -0.13      0.11    
  -0.44     -0.13      0.015   
  -0.25      0.046     0.11    
  -0.25      0.13      0.11    
  -0.44      0.13      0.015   

XQUAT
   1         0         0         0       
   1        -0.0019    0.00023   3.9e-05 
   1        -0.0091    0.00023   4e-05   
   0.78     -0.0071    0.63     -0.0057  
   0.78     -0.0071   -0.62      0.0057  
   1         0.011     0.00023   3.6e-05 
   0.78      0.0083    0.63      0.0067  
   0.78      0.0084   -0.62     -0.0067  
   1         0.0036    0.00023   3.7e-05 
   0.85      0.0031    0.52      0.0019  
   0.7       0.0026   -0.72     -0.0026  
   1        -0.0018    0.00023   3.9e-05 
   0.85     -0.0016    0.52     -0.00094 
   0.7      -0.0013   -0.72      0.0014  

XMAT
   1         0         0         0         1         0         0         0         1       
   1        -7.8e-05   0.00046   7.6e-05   1         0.0038   -0.00046  -0.0038    1       
   1        -8.5e-05   0.00046   7.6e-05   1         0.018    -0.00046  -0.018     1       
   0.21     -8.5e-05   0.98     -0.018     1         0.0039   -0.98     -0.018     0.21    
   0.22     -8.5e-05  -0.98      0.018     1         0.0039    0.98     -0.018     0.22    
   1        -6.7e-05   0.00046   7.6e-05   1        -0.021    -0.00046   0.021     1       
   0.21     -6.7e-05   0.98      0.021     1        -0.0045   -0.98      0.021     0.21    
   0.22     -6.7e-05  -0.98     -0.021     1        -0.0048    0.98      0.021     0.22    
   1        -7.3e-05   0.00046   7.6e-05   1        -0.0073   -0.00046   0.0073    1       
   0.45     -7.3e-05   0.89      0.0065    1        -0.0032   -0.89      0.0073    0.45    
  -0.029    -7.3e-05  -1        -0.0073    1         0.00014   1         0.0073   -0.029   
   1        -7.8e-05   0.00046   7.6e-05   1         0.0037   -0.00046  -0.0037    1       
   0.45     -7.8e-05   0.89     -0.0033    1         0.0017   -0.89     -0.0037    0.45    
  -0.029    -7.8e-05  -1         0.0037    1        -0.00018   1        -0.0037   -0.029   

XIPOS
   0         0         0       
  -0.053     0.0041    0.11    
   0.12     -0.066     0.11    
   0.091    -0.11      0.11    
   0.06     -0.13      0.04    
   0.12      0.066     0.11    
   0.091     0.11      0.11    
   0.06      0.13      0.04    
  -0.25     -0.066     0.11    
  -0.28     -0.11      0.1     
  -0.3      -0.13      0.024   
  -0.25      0.066     0.11    
  -0.28      0.11      0.1     
  -0.3       0.13      0.024   

XIMAT
   1         0         0         0         1         0         0         0         1       
   0.00076  -0.029     1         0.0063   -1        -0.029     1         0.0063   -0.00058 
   0.003    -0.99      0.13      0.018    -0.13     -0.99      1         0.0053    0.018   
   0.29      0.00091   0.96     -0.016     1         0.0039   -0.96     -0.017     0.29    
   0.05     -0.25     -0.97      0.99      0.14      0.013     0.14     -0.96      0.26    
   0.003    -0.99     -0.13     -0.022     0.13     -0.99      1         0.0057   -0.021   
   0.29     -0.0011    0.96      0.019     1        -0.0047   -0.96      0.02      0.29    
   0.05     -0.25     -0.97      0.98      0.18      0.0029    0.18     -0.95      0.26    
  -0.002    -0.99     -0.13     -0.0071    0.13     -0.99      1        -0.0011   -0.0073  
   0.52      0.00049   0.86      0.0075    1        -0.0051   -0.86      0.0091    0.52    
   0.01     -0.0099   -1         0.99      0.17      0.0084    0.17     -0.99      0.011   
  -0.002    -0.99      0.13      0.0035   -0.13     -0.99      1        -0.0016    0.0037  
   0.52     -0.00064   0.86     -0.0043    1         0.0034   -0.86     -0.0055    0.52    
   0.01     -0.0098   -1         0.99      0.16      0.0085    0.16     -0.99      0.011   

XANCHOR
  -0.064    -0.00032   0.11    
   0.12     -0.047     0.11    
   0.12     -0.13      0.11    
  -0.084    -0.13      0.068   
   0.12      0.046     0.11    
   0.12      0.13      0.11    
  -0.084     0.13      0.068   
  -0.25     -0.047     0.11    
  -0.25     -0.13      0.11    
  -0.44     -0.13      0.015   
  -0.25      0.046     0.11    
  -0.25      0.13      0.11    
  -0.44      0.13      0.015   

XAXIS
   0         0         1       
   1         7.6e-05  -0.00046 
  -8.5e-05   1        -0.018   
  -8.5e-05   1        -0.018   
   1         7.6e-05  -0.00046 
  -6.7e-05   1         0.021   
  -6.7e-05   1         0.021   
   1         7.6e-05  -0.00046 
  -7.3e-05   1         0.0073  
  -7.3e-05   1         0.0073  
   1         7.6e-05  -0.00046 
  -7.8e-05   1        -0.0037  
  -7.8e-05   1        -0.0037  

GEOM_XPOS
   0         0         0       
   0.00018  -0.00031   0.11    
  -0.064    -0.00032   0.11    
  -0.08     -0.067     0.11    
  -0.08     -0.067     0.11    
   0.11     -0.045     0.11    
   0.12     -0.092     0.11    
   0.12     -0.12      0.11    
   0.077    -0.11      0.11    
   0.02     -0.13      0.09    
   0.039    -0.13      0.047   
   0.019    -0.13      0.044   
   0.12     -0.13      0.021   
   0.12     -0.13      0.021   
   0.12     -0.13      0.021   
   0.11      0.045     0.11    
   0.12      0.091     0.11    
   0.12      0.12      0.11    
   0.083     0.1       0.11    
   0.02      0.13      0.09    
   0.039     0.13      0.047   
   0.02      0.13      0.044   
   0.12      0.13      0.021   
   0.12      0.13      0.021   
   0.12      0.13      0.021   
  -0.24     -0.045     0.11    
  -0.25     -0.047     0.11    
  -0.25     -0.092     0.11    
  -0.25     -0.12      0.11    
  -0.3      -0.1       0.094   
  -0.35     -0.13      0.063   
  -0.32     -0.13      0.026   
  -0.34     -0.13      0.018   
  -0.23     -0.13      0.021   
  -0.23     -0.13      0.021   
  -0.23     -0.13      0.021   
  -0.24      0.045     0.11    
  -0.25      0.046     0.11    
  -0.25      0.091     0.11    
  -0.25      0.12      0.11    
  -0.29      0.1       0.096   
  -0.35      0.13      0.063   
  -0.32      0.13      0.026   
  -0.34      0.13      0.018   
  -0.23      0.13      0.021   
  -0.23      0.13      0.021   
  -0.23      0.13      0.021   

GEOM_XMAT
   1         0         0         0         1         0         0         0         1       
  -0.014     8.2e-05   1         0.0037   -1         0.00013   1         0.0038    0.014   
   1        -7.8e-05   0.00046   7.6e-05   1         0.0038   -0.00046  -0.0038    1       
   1        -7.8e-05   0.00046   7.6e-05   1         0.0038   -0.00046  -0.0038    1       
   1        -7.8e-05   0.00046   7.6e-05   1         0.0038   -0.00046  -0.0038    1       
  -0.0085   -1        -0.00037  -1         0.0085   -0.018     0.018     0.00021  -1       
   1         0.00046   8.5e-05   7.6e-05   0.018    -1        -0.00046   1         0.018   
   1         0.00046   8.5e-05   7.6e-05   0.018    -1        -0.00046   1         0.018   
  -0.23     -0.084     0.97      0.93     -0.31      0.19      0.28      0.95      0.15    
  -0.98     -8.5e-05   0.21     -0.0039    1        -0.018    -0.21     -0.018    -0.98    
  -0.0001   -0.21     -0.98      1        -0.018     0.0037   -0.018    -0.98      0.21    
   0.98     -8.5e-05   0.22     -0.0039    1         0.018    -0.22     -0.018     0.98    
   0.22     -8.5e-05  -0.98      0.018     1         0.0039    0.98     -0.018     0.22    
   0.22     -8.5e-05  -0.98      0.018     1         0.0039    0.98     -0.018     0.22    
   0.22     -8.5e-05  -0.98      0.018     1         0.0039    0.98     -0.018     0.22    
  -0.0086   -1         0.00056   1        -0.0087   -0.021     0.021     0.00037   1       
   1         0.00046   6.7e-05   7.6e-05  -0.021    -1        -0.00046   1        -0.021   
   1         0.00046   6.7e-05   7.6e-05  -0.021    -1        -0.00046   1        -0.021   
   0.21     -0.1       0.97      0.94      0.27     -0.18     -0.25      0.96      0.16    
  -0.98     -6.7e-05   0.21      0.0045    1         0.021    -0.21      0.021    -0.98    
  -8.3e-05  -0.21     -0.98      1         0.021    -0.0045    0.021    -0.98      0.21    
   0.98     -6.7e-05   0.22      0.0048    1        -0.021    -0.22      0.021     0.98    
   0.22     -6.7e-05  -0.98     -0.021     1        -0.0048    0.98      0.021     0.22    
   0.22     -6.7e-05  -0.98     -0.021     1        -0.0048    0.98      0.021     0.22    
   0.22     -6.7e-05  -0.98     -0.021     1        -0.0048    0.98      0.021     0.22    
   0.0086    1         0.00037  -1         0.0087   -0.0073   -0.0073   -0.00031   1       
   1         0.00046   7.3e-05   7.6e-05  -0.0073   -1        -0.00046   1        -0.0073  
   1         0.00046   7.3e-05   7.6e-05  -0.0073   -1        -0.00046   1        -0.0073  
   1         0.00046   7.3e-05   7.6e-05  -0.0073   -1        -0.00046   1        -0.0073  
  -0.3      -0.32      0.9       0.92     -0.33      0.19      0.24      0.89      0.39    
  -0.89     -7.3e-05   0.45      0.0032    1         0.0065   -0.45      0.0073   -0.89    
  -8.6e-05   0.041    -1         1         0.0073    0.00021   0.0073   -1        -0.041   
   1        -7.3e-05  -0.029    -0.00014   1        -0.0073    0.029     0.0073    1       
  -0.029    -7.3e-05  -1        -0.0073    1         0.00014   1         0.0073   -0.029   
  -0.029    -7.3e-05  -1        -0.0073    1         0.00014   1         0.0073   -0.029   
  -0.029    -7.3e-05  -1        -0.0073    1         0.00014   1         0.0073   -0.029   
   0.0085    1        -0.00056   1        -0.0085   -0.0037   -0.0037   -0.00052  -1       
   1         0.00046   7.8e-05   7.6e-05   0.0037   -1        -0.00046   1         0.0037  
   1         0.00046   7.8e-05   7.6e-05   0.0037   -1        -0.00046   1         0.0037  
   1         0.00046   7.8e-05   7.6e-05   0.0037   -1        -0.00046   1         0.0037  
   0.27     -0.34      0.9       0.94      0.3      -0.17     -0.21      0.89      0.4     
  -0.89     -7.8e-05   0.45     -0.0017    1        -0.0033   -0.45     -0.0037   -0.89    
  -9.1e-05   0.041    -1         1        -0.0037   -0.00024  -0.0037   -1        -0.041   
   1        -7.8e-05  -0.029     0.00018   1         0.0037    0.029    -0.0037    1       
  -0.029    -7.8e-05  -1         0.0037    1        -0.00018   1        -0.0037   -0.029   
  -0.029    -7.8e-05  -1         0.0037    1        -0.00018   1        -0.0037   -0.029   
  -0.029    -7.8e-05  -1         0.0037    1        -0.00018   1        -0.0037   -0.029   

SITE_XPOS
  -0.064    -0.00032   0.11    
   0.12     -0.13      0.021   
   0.12      0.13      0.021   
  -0.23     -0.13      0.021   
  -0.23      0.13      0.021   

SITE_XMAT
   1        -7.8e-05   0.00046   7.6e-05   1         0.0038   -0.00046  -0.0038    1       
   0.22     -8.5e-05  -0.98      0.018     1         0.0039    0.98     -0.018     0.22    
   0.22     -6.7e-05  -0.98     -0.021     1        -0.0048    0.98      0.021     0.22    
  -0.029    -7.3e-05  -1        -0.0073    1         0.00014   1         0.0073   -0.029   
  -0.029    -7.8e-05  -1         0.0037    1        -0.00018   1        -0.0037   -0.029   

CAM_XPOS
  -0.077    -1.3       1.4     

CAM_XMAT
   1         0         0         0         0.71     -0.71      0         0.71      0.71    

LIGHT_XPOS
   0         0         10      
   0         0         1.5     

LIGHT_XDIR
   0         0        -1       
   0         0        -1       

SUBTREE_COM
  -0.073     0.0015    0.1     
  -0.073     0.0015    0.1     
   0.098    -0.095     0.1     
   0.085    -0.11      0.096   
   0.06     -0.13      0.04    
   0.098     0.094     0.1     
   0.085     0.11      0.095   
   0.06      0.13      0.04    
  -0.27     -0.094     0.095   
  -0.29     -0.11      0.085   
  -0.3      -0.13      0.024   
  -0.27      0.094     0.095   
  -0.29      0.11      0.085   
  -0.3       0.13      0.024   

CDOF
   0         0         0         1         0         0       
   0         0         0         0         1         0       
   0         0         0         0         0         1       
   1         7.6e-05  -0.00046   2.5e-07   0.0079    0.0019  
  -7.8e-05   1        -0.0038   -0.0079    3.2e-05   0.0088  
   0.00046   0.0038    1        -0.0019   -0.0088    3.4e-05 
   1         7.6e-05  -0.00046   2.2e-05   0.0081    0.049   
  -8.5e-05   1        -0.018    -0.0071    0.0036    0.2     
  -8.5e-05   1        -0.018     0.038    -0.0002   -0.011   
   1         7.6e-05  -0.00046  -2.1e-05   0.0077   -0.045   
  -6.7e-05   1         0.021    -0.0067   -0.0042    0.2     
  -6.7e-05   1         0.021     0.039     0.00024  -0.011   
   1         7.6e-05  -0.00046   2.2e-05   0.0081    0.049   
  -7.3e-05   1         0.0073   -0.0085    0.0013   -0.18    
  -7.3e-05   1         0.0073    0.087     0.0027   -0.37    
   1         7.6e-05  -0.00046  -2.1e-05   0.0077   -0.045   
  -7.8e-05   1        -0.0037   -0.008    -0.00066  -0.18    
  -7.8e-05   1        -0.0037    0.088    -0.0014   -0.37    

CINERT
   0         0         0         0         0         0         0         0         0         0       
   0.017     0.039     0.047     0.00034  -0.00076  -4.7e-05   0.098     0.012     0.038     4.8     
   0.0044    0.026     0.03      0.009    -0.0011    0.00039   0.13     -0.046     0.0057    0.68    
   0.012     0.029     0.04      0.016    -0.002     0.00054   0.15     -0.099     0.0049    0.9     
   0.0048    0.0088    0.011     0.0038    0.0028   -0.0018    0.029    -0.028    -0.014     0.22    
   0.0041    0.026     0.029    -0.0085   -0.0011   -0.00036   0.13      0.044     0.0055    0.68    
   0.011     0.029     0.039    -0.016    -0.002    -0.00051   0.15      0.095     0.0048    0.9     
   0.0047    0.0088    0.011    -0.0037    0.0028    0.0018    0.029     0.028    -0.014     0.22    
   0.0044    0.022     0.025    -0.0082    0.00095   0.00037  -0.12     -0.046     0.0054    0.68    
   0.013     0.045     0.055    -0.021    -0.0027   -0.00038  -0.19     -0.099    -0.0035    0.9     
   0.0049    0.016     0.018    -0.0061   -0.0038   -0.0022   -0.048    -0.028    -0.017     0.22    
   0.0041    0.022     0.025     0.0077    0.00092  -0.00034  -0.12      0.044     0.0053    0.68    
   0.012     0.045     0.054     0.02     -0.0027    0.00038  -0.19      0.095    -0.0037    0.9     
   0.0049    0.016     0.018     0.0061   -0.0038    0.0022   -0.049     0.027    -0.017     0.22    

ACTUATOR_LENGTH
  -0.014   
   1.4     
  -2.7     
   0.025   
   1.4     
  -2.7     
   0.011   
   1.1     
  -2.7     
   5.5e-05 
   1.1     
  -2.7     
  -0.014   
  -0.014   
   1.4     
   1.4     
  -2.7     
  -2.7     
   0.025   
   0.025   
   1.4     
   1.4     
  -2.7     
  -2.7     
   0.011   
   0.011   
   1.1     
   1.1     
  -2.7     
  -2.7     
   5.5e-05 
   5.5e-05 
   1.1     
   1.1     
  -2.7     
  -2.7     

ACTUATOR_MOMENT
   0         0         0         0         0         0         1         0         0         0         0         0         0         0         0         0         0         0       
   0         0         0         0         0         0         0         1         0         0         0         0         0         0         0         0         0         0       
   0         0         0         0         0         0         0         0         1         0         0         0         0         0         0         0         0         0       
   0         0         0         0         0         0         0         0         0         1         0         0         0         0         0         0         0         0       
   0         0         0         0         0         0         0         0         0         0         1         0         0         0         0         0         0         0       
   0         0         0         0         0         0         0         0         0         0         0         1         0         0         0         0         0         0       
   0         0         0         0         0         0         0         0         0         0         0         0         1         0         0         0         0         0       
   0         0         0         0         0         0         0         0         0         0         0         0         0         1         0         0         0         0       
   0         0         0         0         0         0         0         0         0         0         0         0         0         0         1         0         0         0       
   0         0         0         0         0         0         0         0         0         0         0         0         0         0         0         1         0         0       
   0         0         0         0         0         0         0         0         0         0         0         0         0         0         0         0         1         0       
   0         0         0         0         0         0         0         0         0         0         0         0         0         0         0         0         0         1       
   0         0         0         0         0         0         1         0         0         0         0         0         0         0         0         0         0         0       
   0         0         0         0         0         0         1         0         0         0         0         0         0         0         0         0         0         0       
   0         0         0         0         0         0         0         1         0         0         0         0         0         0         0         0         0         0       
   0         0         0         0         0         0         0         1         0         0         0         0         0         0         0         0         0         0       
   0         0         0         0         0         0         0         0         1         0         0         0         0         0         0         0         0         0       
   0         0         0         0         0         0         0         0         1         0         0         0         0         0         0         0         0         0       
   0         0         0         0         0         0         0         0         0         1         0         0         0         0         0         0         0         0       
   0         0         0         0         0         0         0         0         0         1         0         0         0         0         0         0         0         0       
   0         0         0         0         0         0         0         0         0         0         1         0         0         0         0         0         0         0       
   0         0         0         0         0         0         0         0         0         0         1         0         0         0         0         0         0         0       
   0         0         0         0         0         0         0         0         0         0         0         1         0         0         0         0         0         0       
   0         0         0         0         0         0         0         0         0         0         0         1         0         0         0         0         0         0       
   0         0         0         0         0         0         0         0         0         0         0         0         1         0         0         0         0         0       
   0         0         0         0         0         0         0         0         0         0         0         0         1         0         0         0         0         0       
   0         0         0         0         0         0         0         0         0         0         0         0         0         1         0         0         0         0       
   0         0         0         0         0         0         0         0         0         0         0         0         0         1         0         0         0         0       
   0         0         0         0         0         0         0         0         0         0         0         0         0         0         1         0         0         0       
   0         0         0         0         0         0         0         0         0         0         0         0         0         0         1         0         0         0       
   0         0         0         0         0         0         0         0         0         0         0         0         0         0         0         1         0         0       
   0         0         0         0         0         0         0         0         0         0         0         0         0         0         0         1         0         0       
   0         0         0         0         0         0         0         0         0         0         0         0         0         0         0         0         1         0       
   0         0         0         0         0         0         0         0         0         0         0         0         0         0         0         0         1         0       
   0         0         0         0         0         0         0         0         0         0         0         0         0         0         0         0         0         1       
   0         0         0         0         0         0         0         0         0         0         0         0         0         0         0         0         0         1       

CRB
   0         0         0         0         0         0         0         0         0         0       
   0.1       0.33      0.4       0.00033  -0.012    -2.8e-06  -5.6e-17   0         1.4e-16   12      
   0.021     0.064     0.081     0.029    -0.00027  -0.00087   0.31     -0.17     -0.0033    1.8     
   0.017     0.038     0.051     0.02      0.00082  -0.0013    0.18     -0.13     -0.009     1.1     
   0.0048    0.0088    0.011     0.0038    0.0028   -0.0018    0.029    -0.028    -0.014     0.22    
   0.02      0.064     0.08     -0.028    -0.00021   0.00091   0.31      0.17     -0.0037    1.8     
   0.016     0.038     0.051    -0.019     0.00084   0.0013    0.18      0.12     -0.0092    1.1     
   0.0047    0.0088    0.011    -0.0037    0.0028    0.0018    0.029     0.028    -0.014     0.22    
   0.022     0.083     0.098    -0.035    -0.0056   -0.0022   -0.36     -0.17     -0.015     1.8     
   0.018     0.061     0.073    -0.027    -0.0065   -0.0026   -0.24     -0.13     -0.021     1.1     
   0.0049    0.016     0.018    -0.0061   -0.0038   -0.0022   -0.048    -0.028    -0.017     0.22    
   0.021     0.083     0.097     0.034    -0.0056    0.0022   -0.36      0.17     -0.016     1.8     
   0.017     0.061     0.072     0.026    -0.0065    0.0026   -0.24      0.12     -0.021     1.1     
   0.0049    0.016     0.018     0.0061   -0.0038    0.0022   -0.049     0.027    -0.017     0.22    

QM
   12        0         0         3e-06    -0.094    -0.023    -4.1e-05  -0.019    -0.0061    3.8e-05  -0.019    -0.0061   -4.2e-05  -0.029     0.0019    3.7e-05  -0.029     0.0019  
   0         12        0         0.095     0.00039  -0.1       0.018     0.00078  -0.00057   0.017    -0.00093   0.00067   0.03     -0.00027   0.00023   0.03      0.00013  -0.00012 
   0         0         12        0.022     0.1       0.0004   -0.086     0.043    -0.032     0.086     0.043    -0.032    -0.085     0.037    -0.032     0.086     0.037    -0.032   
   3e-06     0.095     0.022     0.11      0.0006   -0.013     0.013    -0.0049    0.004     0.013     0.005    -0.004     0.014    -0.0041    0.0041    0.014     0.0042   -0.0041  
  -0.094     0.00039   0.1       0.0006    0.34     -8.9e-05   0.013     0.004     0.0084   -0.013     0.004     0.0084   -0.018     0.019    -0.0036    0.019     0.019    -0.0036  
  -0.023    -0.1       0.0004   -0.013    -8.9e-05   0.41      0.0021   -0.0024   -0.00089   0.0019    0.0025    0.00098  -0.0088   -0.0033    0.0002   -0.0086    0.0036   -0.00024 
  -4.1e-05   0.018    -0.086     0.013     0.013     0.0021    0.019    -0.0029    0.0025    0         0         0         0         0         0         0         0         0       
  -0.019     0.00078   0.043    -0.0049    0.004    -0.0024   -0.0029    0.022     0.0024    0         0         0         0         0         0         0         0         0       
  -0.0061   -0.00057  -0.032     0.004     0.0084   -0.00089   0.0025    0.0024    0.019     0         0         0         0         0         0         0         0         0       
   3.8e-05   0.017     0.086     0.013    -0.013     0.0019    0         0         0         0.019     0.0029   -0.0025    0         0         0         0         0         0       
  -0.019    -0.00093   0.043     0.005     0.004     0.0025    0         0         0         0.0029    0.022     0.0024    0         0         0         0         0         0       
  -0.0061    0.00067  -0.032    -0.004     0.0084    0.00098   0         0         0        -0.0025    0.0024    0.019     0         0         0         0         0         0       
  -4.2e-05   0.03     -0.085     0.014    -0.018    -0.0088    0         0         0         0         0         0         0.02     -0.0024    0.0026    0         0         0       
  -0.029    -0.00027   0.037    -0.0041    0.019    -0.0033    0         0         0         0         0         0        -0.0024    0.022     0.0024    0         0         0       
   0.0019    0.00023  -0.032     0.0041   -0.0036    0.0002    0         0         0         0         0         0         0.0026    0.0024    0.019     0         0         0       
   3.7e-05   0.03      0.086     0.014     0.019    -0.0086    0         0         0         0         0         0         0         0         0         0.02      0.0025   -0.0026  
  -0.029     0.00013   0.037     0.0042    0.019     0.0036    0         0         0         0         0         0         0         0         0         0.0025    0.022     0.0024  
   0.0019   -0.00012  -0.032    -0.0041   -0.0036   -0.00024   0         0         0         0         0         0         0         0         0        -0.0026    0.0024    0.019   

QLD
   12       -0.00039   0.013    -0.0028   -0.13     -0.055    -0.1      -0.84     -0.33      0.11     -0.84     -0.33     -0.21     -1.4       0.1       0.21     -1.4       0.1     
  -0.00039   12       -0.00064   0.43      0.00091  -0.2       0.98      0.039    -0.031     0.97     -0.046     0.036     1.5      -0.014     0.012     1.5       0.0069   -0.0063  
   0.013    -0.00064   10        0.29      0.064    -5e-05    -4.1       2.2      -1.7       4.1       2.2      -1.7      -3.9       1.9      -1.7       3.9       1.9      -1.7     
  -0.0028    0.43      0.29      0.072     0.0015   -0.014     0.64     -0.25      0.21      0.64      0.25     -0.21      0.67     -0.21      0.22      0.67      0.22     -0.22    
  -0.13      0.00091   0.064     0.0015    0.26     -0.0013    0.69      0.13      0.45     -0.69      0.13      0.45     -0.79      0.9      -0.19      0.8       0.9      -0.19    
  -0.055    -0.2      -5e-05    -0.014    -0.0013    0.4       0.1      -0.11     -0.048     0.094     0.11      0.052    -0.47     -0.15      0.011    -0.47      0.16     -0.013   
  -0.1       0.98     -4.1       0.64      0.69      0.1       0.018    -0.15      0.13      0         0         0         0         0         0         0         0         0       
  -0.84      0.039     2.2      -0.25      0.13     -0.11     -0.15      0.022     0.13      0         0         0         0         0         0         0         0         0       
  -0.33     -0.031    -1.7       0.21      0.45     -0.048     0.13      0.13      0.019     0         0         0         0         0         0         0         0         0       
   0.11      0.97      4.1       0.64     -0.69      0.094     0         0         0         0.018     0.15     -0.13      0         0         0         0         0         0       
  -0.84     -0.046     2.2       0.25      0.13      0.11      0         0         0         0.15      0.022     0.13      0         0         0         0         0         0       
  -0.33      0.036    -1.7      -0.21      0.45      0.052     0         0         0        -0.13      0.13      0.019     0         0         0         0         0         0       
  -0.21      1.5      -3.9       0.67     -0.79     -0.47      0         0         0         0         0         0         0.019    -0.12      0.14      0         0         0       
  -1.4      -0.014     1.9      -0.21      0.9      -0.15      0         0         0         0         0         0        -0.12      0.022     0.13      0         0         0       
   0.1       0.012    -1.7       0.22     -0.19      0.011     0         0         0         0         0         0         0.14      0.13      0.019     0         0         0       
   0.21      1.5       3.9       0.67      0.8      -0.47      0         0         0         0         0         0         0         0         0         0.02      0.13     -0.14    
  -1.4       0.0069    1.9       0.22      0.9       0.16      0         0         0         0         0         0         0         0         0         0.13      0.022     0.13    
   0.1      -0.0063   -1.7      -0.22     -0.19     -0.013     0         0         0         0         0         0         0         0         0        -0.14      0.13      0.019   

QLDIAGINV
   0.084   
   0.084   
   0.098   
   14      
   3.9     
   2.5     
   55      
   46      
   53      
   55      
   46      
   53      
   51      
   46      
   53      
   51      
   46      
   53      

QLDIAGSQRTINV
   0.29    
   0.29    
   0.31    
   3.7     
   2       
   1.6     
   7.4     
   6.8     
   7.3     
   7.4     
   6.8     
   7.3     
   7.2     
   6.8     
   7.3     
   7.2     
   6.8     
   7.3     

D_rownnz              18 18 18 18 18 18 9 9 9 9 9 9 9 9 9 9 9 9

D_rowadr              0 18 36 54 72 90 108 117 126 135 144 153 162 171 180 189 198 207

D_colind              0 1 2 3 4 5 6 7 8 9 10 11 12 13 14 15 16 17 0 1 2 3 4 5 6 7 8 9 10 11 12 13 14 15 16 17 0 1 2 3 4 5 6 7 8 9 10 11 12 13 14 15 16 17 0 1 2 3 4 5 6 7 8 9 10 11 12 13 14 15 16 17 0 1 2 3 4 5 6 7 8 9 10 11 12 13 14 15 16 17 0 1 2 3 4 5 6 7 8 9 10 11 12 13 14 15 16 17 0 1 2 3 4 5 6 7 8 0 1 2 3 4 5 6 7 8 0 1 2 3 4 5 6 7 8 0 1 2 3 4 5 9 10 11 0 1 2 3 4 5 9 10 11 0 1 2 3 4 5 9 10 11 0 1 2 3 4 5 12 13 14 0 1 2 3 4 5 12 13 14 0 1 2 3 4 5 12 13 14 0 1 2 3 4 5 15 16 17 0 1 2 3 4 5 15 16 17 0 1 2 3 4 5 15 16 17

B_rownnz              18 18 9 9 9 9 9 9 9 9 9 9 9 9

B_rowadr              0 18 36 45 54 63 72 81 90 99 108 117 126 135

B_colind              0 1 2 3 4 5 6 7 8 9 10 11 12 13 14 15 16 17 0 1 2 3 4 5 6 7 8 9 10 11 12 13 14 15 16 17 0 1 2 3 4 5 6 7 8 0 1 2 3 4 5 6 7 8 0 1 2 3 4 5 6 7 8 0 1 2 3 4 5 9 10 11 0 1 2 3 4 5 9 10 11 0 1 2 3 4 5 9 10 11 0 1 2 3 4 5 12 13 14 0 1 2 3 4 5 12 13 14 0 1 2 3 4 5 12 13 14 0 1 2 3 4 5 15 16 17 0 1 2 3 4 5 15 16 17 0 1 2 3 4 5 15 16 17

QDERIV
   0         0         0         0         0         0         0         0         0         0         0         0         0         0         0         0         0         0       
   0         0         0         0         0         0         0         0         0         0         0         0         0         0         0         0         0         0       
   0         0         0         0         0         0         0         0         0         0         0         0         0         0         0         0         0         0       
   0         0         0         0         0         0         0         0         0         0         0         0         0         0         0         0         0         0       
   0         0         0         0         0         0         0         0         0         0         0         0         0         0         0         0         0         0       
   0         0         0         0         0         0         0         0         0         0         0         0         0         0         0         0         0         0       
   0         0         0         0         0         0         0         0         0         0         0         0         0         0         0         0         0         0       
   0         0         0         0         0         0         0         0         0         0         0         0         0         0         0         0         0         0       
   0         0         0         0         0         0         0         0         0         0         0         0         0         0         0         0         0         0       
   0         0         0         0         0         0         0         0         0         0         0         0         0         0         0         0         0         0       
   0         0         0         0         0         0         0         0         0         0         0         0         0         0         0         0         0         0       
   0         0         0         0         0         0         0         0         0         0         0         0         0         0         0         0         0         0       
   0         0         0         0         0         0         0         0         0         0         0         0         0         0         0         0         0         0       
   0         0         0         0         0         0         0         0         0         0         0         0         0         0         0         0         0         0       
   0         0         0         0         0         0         0         0         0         0         0         0         0         0         0         0         0         0       
   0         0         0         0         0         0         0         0         0         0         0         0         0         0         0         0         0         0       
   0         0         0         0         0         0         0         0         0         0         0         0         0         0         0         0         0         0       
   0         0         0         0         0         0         0         0         0         0         0         0         0         0         0         0         0         0       

QLU
   0         0         0         0         0         0         0         0         0         0         0         0         0         0         0         0         0         0       
   0         0         0         0         0         0         0         0         0         0         0         0         0         0         0         0         0         0       
   0         0         0         0         0         0         0         0         0         0         0         0         0         0         0         0         0         0       
   0         0         0         0         0         0         0         0         0         0         0         0         0         0         0         0         0         0       
   0         0         0         0         0         0         0         0         0         0         0         0         0         0         0         0         0         0       
   0         0         0         0         0         0         0         0         0         0         0         0         0         0         0         0         0         0       
   0         0         0         0         0         0         0         0         0         0         0         0         0         0         0         0         0         0       
   0         0         0         0         0         0         0         0         0         0         0         0         0         0         0         0         0         0       
   0         0         0         0         0         0         0         0         0         0         0         0         0         0         0         0         0         0       
   0         0         0         0         0         0         0         0         0         0         0         0         0         0         0         0         0         0       
   0         0         0         0         0         0         0         0         0         0         0         0         0         0         0         0         0         0       
   0         0         0         0         0         0         0         0         0         0         0         0         0         0         0         0         0         0       
   0         0         0         0         0         0         0         0         0         0         0         0         0         0         0         0         0         0       
   0         0         0         0         0         0         0         0         0         0         0         0         0         0         0         0         0         0       
   0         0         0         0         0         0         0         0         0         0         0         0         0         0         0         0         0         0       
   0         0         0         0         0         0         0         0         0         0         0         0         0         0         0         0         0         0       
   0         0         0         0         0         0         0         0         0         0         0         0         0         0         0         0         0         0       
   0         0         0         0         0         0         0         0         0         0         0         0         0         0         0         0         0         0       

CONTACT
  0:
     dim           3
     geom          blue_floor  FR_tip
     exclude       0
     efc_address   22
     solref         0.02      1       
     solimp         0.91      0.97      0.016     0.5       2       
     dist          -0.0023  
     includemargin  0       
     pos            0.12     -0.13     -0.0011  
     frame          0         0         1         0         1         0        -1         0         0       
     friction       0.8       0.8       0.8       0.6       0.6     
     mu             0.08    
  1:
     dim           3
     geom          blue_floor  FL_tip
     exclude       0
     efc_address   25
     solref         0.02      1       
     solimp         0.91      0.97      0.016     0.5       2       
     dist          -0.0023  
     includemargin  0       
     pos            0.12      0.13     -0.0012  
     frame          0         0         1         0         1         0        -1         0         0       
     friction       0.8       0.8       0.8       0.6       0.6     
     mu             0.08    
  2:
     dim           3
     geom          blue_floor 30
     exclude       0
     efc_address   28
     solref         0.02      1       
     solimp         0.9       0.95      0.001     0.5       2       
     dist          -5.6e-05 
     includemargin  0       
     pos           -0.43     -0.14     -2.8e-05 
     frame          0         0         1         0         1         0        -1         0         0       
     friction       1         1         0.6       0.6       0.6     
     mu             0.1     
  3:
     dim           3
     geom          blue_floor  RR_tip
     exclude       0
     efc_address   31
     solref         0.02      1       
     solimp         0.91      0.97      0.016     0.5       2       
     dist          -0.0017  
     includemargin  0       
     pos           -0.23     -0.13     -0.00085 
     frame          0         0         1         0         1         0        -1         0         0       
     friction       0.8       0.8       0.8       0.6       0.6     
     mu             0.08    
  4:
     dim           3
     geom          blue_floor 41
     exclude       0
     efc_address   34
     solref         0.02      1       
     solimp         0.9       0.95      0.001     0.5       2       
     dist          -5.6e-05 
     includemargin  0       
     pos           -0.44      0.14     -2.8e-05 
     frame          0         0         1         0         1         0        -1         0         0       
     friction       1         1         0.6       0.6       0.6     
     mu             0.1     
  5:
     dim           3
     geom          blue_floor  RL_tip
     exclude       0
     efc_address   37
     solref         0.02      1       
     solimp         0.91      0.97      0.016     0.5       2       
     dist          -0.0017  
     includemargin  0       
     pos           -0.23      0.13     -0.00086 
     frame          0         0         1         0         1         0        -1         0         0       
     friction       0.8       0.8       0.8       0.6       0.6     
     mu             0.08    

EFC_TYPE
  1
  1
  1
  1
  1
  1
  1
  1
  1
  1
  1
  1
  1
  1
  1
  1
  1
  1
  3
  3
  3
  3
  7
  7
  7
  7
  7
  7
  7
  7
  7
  7
  7
  7
  7
  7
  7
  7
  7
  7

EFC_ID
  0
  1
  2
  3
  4
  5
  6
  7
  8
  9
  10
  11
  12
  13
  14
  15
  16
  17
  3
  6
  9
  12
  0
  0
  0
  1
  1
  1
  2
  2
  2
  3
  3
  3
  4
  4
  4
  5
  5
  5

EFC_J
   1         0         0         0         0         0         0         0         0         0         0         0         0         0         0         0         0         0       
   0         1         0         0         0         0         0         0         0         0         0         0         0         0         0         0         0         0       
   0         0         1         0         0         0         0         0         0         0         0         0         0         0         0         0         0         0       
   0         0         0         1         0         0         0         0         0         0         0         0         0         0         0         0         0         0       
   0         0         0         0         1         0         0         0         0         0         0         0         0         0         0         0         0         0       
   0         0         0         0         0         1         0         0         0         0         0         0         0         0         0         0         0         0       
   0         0         0         0         0         0         1         0         0         0         0         0         0         0         0         0         0         0       
   0         0         0         0         0         0         0         1         0         0         0         0         0         0         0         0         0         0       
   0         0         0         0         0         0         0         0         1         0         0         0         0         0         0         0         0         0       
   0         0         0         0         0         0         0         0         0         1         0         0         0         0         0         0         0         0       
   0         0         0         0         0         0         0         0         0         0         1         0         0         0         0         0         0         0       
   0         0         0         0         0         0         0         0         0         0         0         1         0         0         0         0         0         0       
   0         0         0         0         0         0         0         0         0         0         0         0         1         0         0         0         0         0       
   0         0         0         0         0         0         0         0         0         0         0         0         0         1         0         0         0         0       
   0         0         0         0         0         0         0         0         0         0         0         0         0         0         1         0         0         0       
   0         0         0         0         0         0         0         0         0         0         0         0         0         0         0         1         0         0       
   0         0         0         0         0         0         0         0         0         0         0         0         0         0         0         0         1         0       
   0         0         0         0         0         0         0         0         0         0         0         0         0         0         0         0         0         1       
   0         0         0         0         0         0         0         0         1         0         0         0         0         0         0         0         0         0       
   0         0         0         0         0         0         0         0         0         0         0         1         0         0         0         0         0         0       
   0         0         0         0         0         0         0         0         0         0         0         0         0         0         1         0         0         0       
   0         0         0         0         0         0         0         0         0         0         0         0         0         0         0         0         0         1       
   0         0         1        -0.13     -0.19     -0.00076  -0.082     0.00036  -0.21      0         0         0         0         0         0         0         0         0       
   0         1         0         0.11     -0.00071   0.19      0.11     -3.2e-06  -0.0038    0         0         0         0         0         0         0         0         0       
  -1         0         0         6.8e-05   0.11     -0.13      4.6e-05   0.11      0.069     0         0         0         0         0         0         0         0         0       
   0         0         1         0.13     -0.19     -0.00064   0         0         0         0.082     0.00031  -0.21      0         0         0         0         0         0       
   0         1         0         0.11     -0.00071   0.19      0         0         0         0.11     -1.4e-05   0.0044    0         0         0         0         0         0       
  -1         0         0        -5.1e-05   0.11      0.13      0         0         0        -2.9e-05   0.11      0.069     0         0         0         0         0         0       
   0         0         1        -0.14      0.37      0.0013    0         0         0         0         0         0        -0.091     0.18      0         0         0         0       
   0         1         0         0.11      0.0014   -0.37      0         0         0         0         0         0         0.11     -0.0013    0         0         0         0       
  -1         0         0         7.2e-05   0.11     -0.14      0         0         0         0         0         0         5.1e-05   0.11      0         0         0         0       
   0         0         1        -0.13      0.17      0.00056   0         0         0         0         0         0        -0.079    -0.023    -0.21      0         0         0       
   0         1         0         0.11      0.00061  -0.17      0         0         0         0         0         0         0.11      0.00016   0.0016    0         0         0       
  -1         0         0         6.7e-05   0.11     -0.13      0         0         0         0         0         0         4.5e-05   0.11      0.016     0         0         0       
   0         0         1         0.14      0.37      0.0015    0         0         0         0         0         0         0         0         0         0.092     0.18      0       
   0         1         0         0.11      0.0014   -0.37      0         0         0         0         0         0         0         0         0         0.11      0.00067   0       
  -1         0         0        -5.5e-05   0.11      0.14      0         0         0         0         0         0         0         0         0        -3.4e-05   0.11      0       
   0         0         1         0.13      0.17      0.00068   0         0         0         0         0         0         0         0         0         0.08     -0.023    -0.21    
   0         1         0         0.11      0.00061  -0.17      0         0         0         0         0         0         0         0         0         0.11     -9.3e-05  -0.00079 
  -1         0         0        -5e-05     0.11      0.13      0         0         0         0         0         0         0         0         0        -2.8e-05   0.11      0.016   

EFC_POS
   0       
   0       
   0       
   0       
   0       
   0       
   0       
   0       
   0       
   0       
   0       
   0       
   0       
   0       
   0       
   0       
   0       
   0       
  -0.0083  
  -0.0085  
  -0.0064  
  -0.0065  
  -0.0023  
   0       
   0       
  -0.0023  
   0       
   0       
  -5.6e-05 
   0       
   0       
  -0.0017  
   0       
   0       
  -5.6e-05 
   0       
   0       
  -0.0017  
   0       
   0       

EFC_MARGIN
   0       
   0       
   0       
   0       
   0       
   0       
   0       
   0       
   0       
   0       
   0       
   0       
   0       
   0       
   0       
   0       
   0       
   0       
   0       
   0       
   0       
   0       
   0       
   0       
   0       
   0       
   0       
   0       
   0       
   0       
   0       
   0       
   0       
   0       
   0       
   0       
   0       
   0       
   0       
   0       

EFC_FRICTIONLOSS
   0.2     
   0.2     
   0.2     
   0.2     
   0.2     
   0.2     
   0.2     
   0.2     
   0.2     
   0.2     
   0.2     
   0.2     
   0.2     
   0.2     
   0.2     
   0.2     
   0.2     
   0.2     
   0       
   0       
   0       
   0       
   0       
   0       
   0       
   0       
   0       
   0       
   0       
   0       
   0       
   0       
   0       
   0       
   0       
   0       
   0       
   0       
   0       
   0       

EFC_DIAGAPPROX
   0.089   
   0.089   
   0.089   
   6.3     
   6.3     
   6.3     
   29      
   30      
   73      
   29      
   30      
   73      
   29      
   31      
   73      
   29      
   31      
   73      
   73      
   73      
   73      
   73      
   1.8     
   0.018   
   0.018   
   1.8     
   0.018   
   0.018   
   0.21    
   0.0021  
   0.0021  
   1.9     
   0.019   
   0.019   
   0.2     
   0.002   
   0.002   
   1.9     
   0.019   
   0.019   

EFC_KBIP
   0         1.1e+02   0.9       0       
   0         1.1e+02   0.9       0       
   0         1.1e+02   0.9       0       
   0         1.1e+02   0.9       0       
   0         1.1e+02   0.9       0       
   0         1.1e+02   0.9       0       
   0         1.1e+02   0.9       0       
   0         1.1e+02   0.9       0       
   0         1.1e+02   0.9       0       
   0         1.1e+02   0.9       0       
   0         1.1e+02   0.9       0       
   0         1.1e+02   0.9       0       
   0         1.1e+02   0.9       0       
   0         1.1e+02   0.9       0       
   0         1.1e+02   0.9       0       
   0         1.1e+02   0.9       0       
   0         1.1e+02   0.9       0       
   0         1.1e+02   0.9       0       
   2.8e+03   1.1e+02   0.95      0       
   2.8e+03   1.1e+02   0.95      0       
   2.8e+03   1.1e+02   0.95      0       
   2.8e+03   1.1e+02   0.95      0       
   2.6e+03   1e+02     0.91     -2.4     
   0         1e+02     0.91     -2.4     
   0         1e+02     0.91     -2.4     
   2.6e+03   1e+02     0.91     -2.4     
   0         1e+02     0.91     -2.4     
   0         1e+02     0.91     -2.4     
   2.8e+03   1.1e+02   0.9      -11      
   0         1.1e+02   0.9      -11      
   0         1.1e+02   0.9      -11      
   2.6e+03   1e+02     0.91     -1.8     
   0         1e+02     0.91     -1.8     
   0         1e+02     0.91     -1.8     
   2.8e+03   1.1e+02   0.9      -11      
   0         1.1e+02   0.9      -11      
   0         1.1e+02   0.9      -11      
   2.6e+03   1e+02     0.91     -1.8     
   0         1e+02     0.91     -1.8     
   0         1e+02     0.91     -1.8     

EFC_D
   1e+02   
   1e+02   
   1e+02   
   1.4     
   1.4     
   1.4     
   0.31    
   0.3     
   0.12    
   0.31    
   0.3     
   0.12    
   0.31    
   0.29    
   0.12    
   0.31    
   0.29    
   0.12    
   0.26    
   0.26    
   0.26    
   0.26    
   5.5     
   5.5e+02 
   5.5e+02 
   5.5     
   5.5e+02 
   5.5e+02 
   44      
   4.4e+03 
   4.4e+03 
   5.4     
   5.4e+02 
   5.4e+02 
   44      
   4.4e+03 
   4.4e+03 
   5.4     
   5.4e+02 
   5.4e+02 

EFC_R
   0.0099  
   0.0099  
   0.0099  
   0.7     
   0.7     
   0.7     
   3.3     
   3.4     
   8.1     
   3.2     
   3.4     
   8.1     
   3.3     
   3.4     
   8.1     
   3.2     
   3.4     
   8.1     
   3.8     
   3.8     
   3.8     
   3.8     
   0.18    
   0.0018  
   0.0018  
   0.18    
   0.0018  
   0.0018  
   0.023   
   0.00023 
   0.00023 
   0.19    
   0.0019  
   0.0019  
   0.022   
   0.00022 
   0.00022 
   0.19    
   0.0019  
   0.0019  

ACTUATOR_VELOCITY
  -0.0015  
  -0.001   
  -2e-06   
   0.0028  
  -0.0011  
  -1.2e-05 
  -0.00041 
  -0.00028 
  -1.9e-06 
   0.0018  
  -0.00028 
  -1.3e-05 
  -0.0015  
  -0.0015  
  -0.001   
  -0.001   
  -2e-06   
  -2e-06   
   0.0028  
   0.0028  
  -0.0011  
  -0.0011  
  -1.2e-05 
  -1.2e-05 
  -0.00041 
  -0.00041 
  -0.00028 
  -0.00028 
  -1.9e-06 
  -1.9e-06 
   0.0018  
   0.0018  
  -0.00028 
  -0.00028 
  -1.3e-05 
  -1.3e-05 

CVEL
   0         0         0         0         0         0       
  -0.00045   0.00023   3.8e-06  -3.7e-05  -2.9e-05  -0.00013 
  -0.0019    0.00023   4.5e-06  -3.7e-05  -4.1e-05  -0.0002  
  -0.0019   -0.00082   2.3e-05  -3e-05    -4.5e-05  -0.00041 
  -0.0019   -0.00082   2.4e-05  -3e-05    -4.5e-05  -0.00041 
   0.0024    0.00023   2.5e-06  -3.7e-05  -7.3e-06  -0.00026 
   0.0024   -0.00082  -2e-05    -3e-05    -2.9e-06  -0.00047 
   0.0024   -0.00084  -2e-05    -3.1e-05  -2.9e-06  -0.00047 
  -0.00087   0.00023   4e-06    -3.7e-05  -3.3e-05  -0.00015 
  -0.00087  -5.2e-05   2e-06    -3.5e-05  -3.3e-05  -0.0001  
  -0.00087  -5.4e-05   2e-06    -3.5e-05  -3.3e-05  -0.0001  
   0.0013    0.00023   3e-06    -3.7e-05  -1.5e-05  -0.00021 
   0.0013   -5.2e-05   4e-06    -3.5e-05  -1.5e-05  -0.00016 
   0.0013   -6.5e-05   4.1e-06  -3.6e-05  -1.5e-05  -0.00016 

CDOF_DOT
   0         0         0         0         0         0       
   0         0         0         0         0         0       
   0         0         0         0         0         0       
  -0         0         0         2.2e-08  -0.00013   2.6e-05 
  -0         0         0         0.00013  -1.2e-07  -3.6e-05 
   0         0         0        -2.5e-05   3.6e-05  -1.2e-07 
  -1e-07     3.6e-06  -0.00023   1.1e-05  -0.00011   2.6e-05 
  -8.6e-06  -3.5e-05  -0.0019    0.00025   0.00038  -4.3e-05 
  -8.6e-06  -3.5e-05  -0.0019    0.00042  -2.1e-05   1.8e-06 
  -1e-07     3.6e-06  -0.00023  -1e-05    -0.00015   2.6e-05 
   2.4e-06  -5.1e-05   0.0024    0.0003   -0.00047  -4.6e-05 
   2.4e-06  -5.1e-05   0.0024    0.00048   2.7e-05   2.1e-06 
  -1e-07     3.6e-06  -0.00023   1.1e-05  -0.00011   2.6e-05 
  -2.3e-06   6.3e-06  -0.00087   0.00011  -0.00016  -3.7e-05 
  -2.3e-06   6.3e-06  -0.00087   0.00012  -0.00032  -3.3e-05 
  -1e-07     3.6e-06  -0.00023  -1e-05    -0.00015   2.6e-05 
  -3.8e-06   4.9e-06   0.0013    0.00017   0.00024  -3.7e-05 
  -3.8e-06   4.9e-06   0.0013    0.00018   0.00049  -3.2e-05 

QFRC_BIAS
   3.1e-07 
  -2.1e-07 
   1.2e+02 
   0.22    
   1       
   0.004   
  -0.84    
   0.42    
  -0.31    
   0.84    
   0.42    
  -0.31    
  -0.83    
   0.36    
  -0.31    
   0.84    
   0.36    
  -0.31    

QFRC_PASSIVE
   3.6e-07 
   2.6e-07 
   1.3e-06 
   4.5e-06 
  -2.3e-06 
  -4.4e-08 
   1.5e-05 
   1e-05   
   2e-08   
  -2.8e-05 
   1.1e-05 
   1.2e-07 
   4.1e-06 
   2.8e-06 
   1.9e-08 
  -1.8e-05 
   2.8e-06 
   1.3e-07 

EFC_VEL
  -3.6e-05 
  -2.6e-05 
  -0.00013 
  -0.00045 
   0.00023 
   4.4e-06 
  -0.0015  
  -0.001   
  -2e-06   
   0.0028  
  -0.0011  
  -1.2e-05 
  -0.00041 
  -0.00028 
  -1.9e-06 
   0.0018  
  -0.00028 
  -1.3e-05 
  -2e-06   
  -1.2e-05 
  -1.9e-06 
  -1.3e-05 
   1.7e-06 
  -0.00024 
  -5.9e-05 
  -1.5e-07 
   0.00024 
  -5.9e-05 
  -3.8e-07 
  -0.00012 
   2.9e-05 
   2.1e-07 
  -0.00012 
   2.9e-05 
   5e-07   
   0.00012 
   3e-05   
  -2.4e-06 
   0.00012 
   3e-05   

EFC_AREF
   0.0037  
   0.0027  
   0.014   
   0.048   
  -0.024   
  -0.00047 
   0.15    
   0.11    
   0.00021 
  -0.3     
   0.11    
   0.0012  
   0.043   
   0.029   
   0.0002  
  -0.19    
   0.029   
   0.0013  
   22      
   22      
   17      
   17      
   5.4     
   0.025   
   0.0061  
   5.5     
  -0.025   
   0.0061  
   0.14    
   0.013   
  -0.0031  
   4.1     
   0.013   
  -0.003   
   0.14    
  -0.013   
  -0.0032  
   4.1     
  -0.013   
  -0.0031  

SUBTREE_LINVEL
   0         0         0       
   0         0         0       
   0         0         0       
   0         0         0       
   0         0         0       
   0         0         0       
   0         0         0       
   0         0         0       
   0         0         0       
   0         0         0       
   0         0         0       
   0         0         0       
   0         0         0       
   0         0         0       

SUBTREE_ANGMOM
   0         0         0       
   0         0         0       
   0         0         0       
   0         0         0       
   0         0         0       
   0         0         0       
   0         0         0       
   0         0         0       
   0         0         0       
   0         0         0       
   0         0         0       
   0         0         0       
   0         0         0       
   0         0         0       

ACTUATOR_FORCE
   0       
   0       
   0       
   0       
   0       
   0       
   0       
   0       
   0       
   0       
   0       
   0       
   0       
   0.0022  
   0       
   0.001   
   0       
   2e-06   
   0       
  -0.0043  
   0       
   0.0011  
   0       
   1.2e-05 
   0       
   0.00062 
   0       
   0.00028 
   0       
   1.9e-06 
   0       
  -0.0027  
   0       
   0.00028 
   0       
   1.3e-05 

QFRC_ACTUATOR
   0       
   0       
   0       
   0       
   0       
   0       
   0.0022  
   0.001   
   2e-06   
  -0.0043  
   0.0011  
   1.2e-05 
   0.00062 
   0.00028 
   1.9e-06 
  -0.0027  
   0.00028 
   1.3e-05 

QFRC_SMOOTH
   5.1e-08 
   4.6e-07 
  -1.2e+02 
  -0.22    
  -1       
  -0.004   
   0.84    
  -0.42    
   0.31    
  -0.85    
  -0.42    
   0.31    
   0.83    
  -0.36    
   0.31    
  -0.84    
  -0.36    
   0.31    

QACC_SMOOTH
   0.00016 
   0.00033 
  -9.8     
   0.034   
  -0.012   
  -0.0014  
   0.17    
   0.055   
  -0.01    
  -0.33    
   0.063   
  -0.017   
   0.051   
   0.012   
   0.0041  
  -0.21    
   0.018   
  -0.0023  

EFC_B
  -0.0036  
  -0.0024  
  -9.8     
  -0.014   
   0.012   
  -0.00095 
   0.014   
  -0.056   
  -0.01    
  -0.028   
  -0.048   
  -0.018   
   0.0076  
  -0.017   
   0.0039  
  -0.017   
  -0.011   
  -0.0037  
  -22      
  -22      
  -17      
  -17      
  -15      
  -0.0018  
  -0.0018  
  -15      
  -0.0079  
  -0.0017  
  -9.9     
  -0.0027  
   0.0032  
  -14      
  -0.0026  
   0.0032  
  -10      
  -0.0054  
   0.0036  
  -14      
  -0.006   
   0.0034  

EFC_FORCE
   0.2     
   0.2     
   0.2     
   0.069   
  -0.034   
  -0.00066 
   0.047   
   0.033   
   2.7e-05 
  -0.092   
   0.033   
   0.00015 
   0.013   
   0.0086  
   2.3e-05 
  -0.058   
   0.0086  
   0.00016 
   5.7     
   5.8     
   4.4     
   4.5     
   30      
   14      
   3.3     
   30      
  -14      
   3.3     
   6.6     
   6.5     
  -1.5     
   22      
   6.8     
  -1.6     
   6.8     
  -6.6     
  -1.6     
   22      
  -6.8     
  -1.7     

EFC_STATE
  2
  2
  2
  1
  1
  1
  1
  1
  1
  1
  1
  1
  1
  1
  1
  1
  1
  1
  1
  1
  1
  1
  1
  1
  1
  1
  1
  1
  4
  4
  4
  1
  1
  1
  4
  4
  4
  1
  1
  1

QFRC_CONSTRAINT
  -2.3e-05 
   2.4e-06 
   1.2e+02 
   0.22    
   1       
   0.004   
  -0.84    
   0.42    
  -0.31    
   0.85    
   0.42    
  -0.31    
  -0.83    
   0.36    
  -0.31    
   0.84    
   0.36    
  -0.31    

QFRC_INVERSE
   0       
   0       
   0       
   0       
   0       
   0       
   0       
   0       
   0       
   0       
   0       
   0       
   0       
   0       
   0       
   0       
   0       
   0       

CACC
   0         0         0        -0        -0         9.8     
  -6.4e-06   1.3e-05  -7.3e-06  -2.2e-06   2.6e-07   9.8     
   4.9e-07   1.3e-05  -7e-06    -2.2e-06   4.8e-07   9.8     
   5e-07    -2.5e-05  -4.3e-06  -2.2e-06  -5e-08     9.8     
   5e-07    -2.9e-05  -4.2e-06  -2.3e-06  -4.9e-08   9.8     
   2.6e-05   1.3e-05  -8e-06    -2.2e-06   7.9e-08   9.8     
   2.6e-05  -1.1e-05  -1.1e-05  -2.4e-06   6.7e-07   9.8     
   2.6e-05  -1.1e-05  -1.1e-05  -2.4e-06   6.7e-07   9.8     
  -1.7e-05   1.3e-05  -7.2e-06  -2.2e-06   2.2e-07   9.8     
  -1.7e-05  -2.3e-05  -7.3e-06  -1.9e-06   2.2e-07   9.8     
  -1.7e-05  -1.3e-05  -7.2e-06  -1e-06     2.4e-07   9.8     
  -1.9e-06   1.3e-05  -7.7e-06  -2.2e-06   2.3e-08   9.8     
  -1.9e-06  -1.1e-05  -8e-06    -2e-06    -2.7e-08   9.8     
  -1.9e-06  -6.3e-06  -8.1e-06  -1.6e-06  -4e-08     9.8     

CFRC_INT
   0.067    -0.034     0.0016    0.2       0.2       0.2     
   0.067    -0.034     0.0016    0.2       0.2       0.2     
   0.74      2.5      -2.2       3.3      -14       -12      
   1.2       3.7      -2.2       3.3      -14       -19      
   2.2       5.2      -2.2       3.3      -14       -27      
  -0.77      2.6       2.3       3.3       14       -13      
  -1.2       3.9       2.3       3.3       14       -19      
  -2.1       5.3       2.3       3.3       14       -28      
   0.65     -2         3        -3.2      -13       -11      
   1.1      -3.2       3        -3.2      -13       -18      
   1.8      -2.8       0.86     -1.6      -6.8      -20      
  -0.68     -2.1      -3        -3.3       13       -11      
  -1.1      -3.3      -3        -3.3       13       -18      
  -1.8      -2.8      -0.86     -1.7       6.8      -20      

CFRC_EXT
   0         0         0         0         0         0       
   0         0         0         0         0         0       
   0         0         0         0         0         0       
   0         0         0         0         0         0       
  -2.4      -5.5       2.2      -3.3       14        30      
   0         0         0         0         0         0       
   0         0         0         0         0         0       
   2.4      -5.6      -2.3      -3.3      -14        30      
   0         0         0         0         0         0       
  -0.26      2.2      -2.1       1.5       6.5       6.6     
  -2.1       3.3      -0.86      1.6       6.8       22      
   0         0         0         0         0         0       
   0.24      2.3       2.2       1.6      -6.6       6.8     
   2.1       3.3       0.86      1.7      -6.8       22      

